ID	HusbEd	HusbRace	RaceDiff	Time	Divorce
9	1	0	0	10.546	0
11	0	0	0	34.943	0
13	0	0	0	2.834	1
15	0	0	0	17.532	1
33	1	0	0	1.418	0
36	0	0	0	48.033	0
43	2	0	0	16.706	0
47	0	0	0	24.999	0
50	0	0	0	24.999	0
56	0	1	0	3.869	0
63	1	1	0	7.732	0
66	1	0	0	5.2105	1
70	1	0	0	15.444	0
77	2	0	0	4.085	0
80	0	0	0	17.333	0
84	1	0	0	16.331	0
87	1	0	0	35.335	0
90	0	0	0	37.67	0
91	1	0	0	19.1865	1
94	1	0	0	22.697	0
109	0	0	0	50.776	0
111	0	0	0	37.495	0
114	0	0	0	30.738	0
116	0	0	0	48.654	0
118	0	0	0	33.024	0
120	0	0	0	36.668	0
122	2	0	0	27.992	0
124	2	0	0	27.789	0
128	1	0	0	3.2525	1
129	1	0	0	5.67	1
137	0	0	0	17.999	0
139	0	0	0	7.5975	1
141	0	0	0	1.791	0
145	0	0	0	2.475	0
148	1	0	0	35.959	0
153	1	0	0	13.136	0
160	1	0	0	5.717	0
162	1	0	0	5.717	0
164	1	0	0	26.278	0
165	1	0	0	4.331	1
166	0	0	0	8.893	0
170	1	0	0	15.743	0
183	0	0	0	4.671	1
194	0	0	0	48.356	0
196	0	0	0	39.332	0
199	0	0	0	39.332	0
212	1	0	0	61.525	0
214	1	0	0	12.999	0
219	1	0	0	14.817	0
221	0	0	0	33.755	1
223	0	0	0	56.999	0
226	1	0	0	3.606	0
228	0	0	0	3.606	0
230	0	1	0	16.999	0
232	0	1	0	42.015	1
234	1	0	0	37.837	0
237	1	1	0	18.16	0
245	1	0	0	18.018	0
254	1	0	0	13.667	1
258	1	0	0	3.584	1
264	0	0	0	2.502	1
268	2	0	0	14.7135	1
271	0	0	0	35.932	0
275	2	0	0	13.864	0
280	1	0	0	25.8015	1
287	0	0	0	14.3495	1
289	0	0	0	57.506	0
293	1	0	0	7.915	1
295	0	0	0	7.162	0
298	2	0	0	41.971	0
300	2	0	0	12.991	0
302	1	0	0	18.3355	1
305	1	0	0	18.809	0
310	0	0	0	1.864	0
312	1	0	0	53.084	0
315	1	0	0	17.2895	1
320	1	0	0	32.167	1
325	1	0	0	18.338	0
329	1	0	0	23.469	0
331	2	0	0	34.762	0
333	1	0	0	4.4325	1
336	1	0	0	19.081	0
339	0	0	0	35.8465	1
341	1	0	0	7.247	1
342	1	0	0	28.151	0
344	1	0	0	15.9975	1
346	0	0	0	2.2125	1
350	2	0	0	8.789	0
351	2	0	0	8.789	0
353	2	0	0	17.999	0
357	2	0	0	14.084	0
362	0	0	0	27.009	0
364	0	1	0	42.313	0
370	0	0	0	9.002	0
372	0	0	0	35.001	0
375	0	0	0	35.001	0
377	0	0	0	5.0025	1
385	1	0	0	37.248	0
390	0	0	0	34.653	0
392	1	0	0	16.605	0
394	0	0	0	44.841	0
398	1	0	0	11.671	0
399	1	0	0	20.504	0
405	2	0	0	6.913	0
408	0	0	0	22.404	0
410	0	0	0	31.485	0
418	0	0	0	3.4965	1
425	0	0	0	24	0
427	0	0	0	33.851	0
428	1	0	0	14.576	0
431	0	0	0	2.0015	1
434	1	0	0	52.663	0
437	0	0	0	2.6095	1
439	2	0	0	22.719	0
445	1	0	0	4.5805	1
447	0	0	0	43.751	0
449	0	0	0	42.062	0
451	2	0	0	29.07	0
454	2	0	0	29.07	0
457	1	0	0	56.052	0
462	1	0	0	17.081	1
468	1	0	0	27.168	0
470	0	0	0	6.001	0
475	1	0	0	5.919	1
477	1	0	0	20	0
479	2	0	0	10.456	1
485	0	0	0	26.971	0
493	0	0	0	53.84	0
496	1	1	0	11.581	1
502	2	1	0	22.976	0
504	0	0	0	32.999	0
508	1	0	0	8.3615	1
510	1	0	0	17.084	1
512	1	0	0	8.003	0
513	1	0	0	3.775	0
520	1	0	0	3.565	0
528	0	0	0	4.977	0
530	1	0	0	5.246	0
537	1	0	0	1.257	0
551	1	0	0	0.6	0
553	0	0	0	40.501	0
559	1	0	0	49.002	0
561	0	0	0	6.0015	1
566	1	0	0	1.878	0
576	1	1	0	7.003	0
579	1	1	0	7.003	0
581	2	0	0	41.199	0
584	1	0	0	47.546	0
590	1	0	0	21.467	0
592	2	0	0	21.002	1
600	1	0	0	21.467	0
602	0	0	0	24.832	0
604	0	0	0	41.999	0
606	0	0	0	16.972	0
607	1	1	0	14.867	0
613	1	1	0	7.1675	1
615	0	1	0	21.498	1
616	1	1	0	7.1675	1
620	1	0	0	13.421	0
628	1	0	0	15.849	0
638	1	0	0	19.425	0
676	2	0	0	9.336	1
684	2	0	0	10.587	1
686	0	0	0	8.668	1
688	0	0	0	34.004	0
690	0	0	0	31.997	0
693	1	0	0	9.5825	1
700	1	0	0	48.46	0
702	1	0	0	12.527	1
705	1	0	0	20.252	0
713	1	0	0	5.002	1
716	2	0	0	4.4955	1
718	1	0	0	6.776	1
720	1	0	0	12	0
721	1	0	0	13.5795	1
725	1	0	0	11.291	1
728	0	0	0	40.602	0
730	0	0	0	54.412	0
734	1	0	0	9.563	0
740	1	0	0	7.901	0
748	2	0	0	24.03	0
751	2	0	0	7.901	0
753	0	0	0	43.685	0
756	0	0	0	43.685	0
759	1	0	0	29.366	0
763	1	0	0	2.554	0
769	1	0	0	4.668	1
771	1	0	0	4.9585	1
774	1	0	0	2.554	0
780	1	0	0	4.7365	1
786	1	0	0	1.624	0
789	2	0	0	42.919	0
791	0	0	0	14.972	1
794	1	0	0	3.748	1
798	1	0	0	1.106	0
807	1	0	0	2.6695	1
809	0	0	0	34.998	0
811	0	0	0	34.075	1
814	1	1	0	20.999	0
818	0	0	0	46.979	0
820	2	0	0	28.775	0
823	1	0	0	61.407	0
829	0	0	0	2.998	0
831	2	0	0	22.475	0
840	2	0	0	10.743	0
842	0	0	0	35.335	0
844	1	0	0	32.175	0
846	0	0	0	38.149	0
852	1	0	0	11.2525	1
856	0	0	0	1.3335	1
859	0	0	0	55.833	0
863	0	0	0	41.164	0
868	0	0	0	37.06	0
872	0	0	0	4.9005	1
875	1	0	0	28.738	1
877	1	0	0	1.232	1
880	2	0	0	29.634	0
883	0	0	0	13.999	0
885	1	0	0	38.324	0
887	2	0	0	5.541	0
895	2	0	0	37.268	0
900	0	1	0	53.459	0
902	0	1	0	30.96	0
904	0	0	0	7.001	0
912	0	0	0	46.1	0
915	1	0	0	54.79	0
917	2	0	0	30.001	0
919	2	0	0	36.252	0
926	0	1	0	24.999	0
929	0	0	0	32	0
931	0	0	0	25.999	0
936	1	1	0	9.421	1
937	1	0	1	8.783	0
940	1	0	0	40.252	0
942	0	0	0	6.875	1
947	2	0	0	13.588	1
952	1	0	0	21.736	0
957	1	0	0	13.057	0
960	0	0	0	35.028	0
963	0	1	0	24.26	0
964	0	1	0	22.015	0
971	0	0	0	34.571	0
973	0	0	0	22.998	0
976	2	0	0	46.823	0
979	1	0	0	47.17	0
982	1	0	0	20.093	0
986	1	0	0	12.887	0
987	1	0	0	12.887	0
989	0	0	0	32.167	0
991	0	0	0	52.671	0
996	2	0	0	20.665	0
1002	2	0	0	18.76	0
1005	2	0	0	18.76	0
1008	1	0	0	10.587	1
1010	2	0	0	7.6715	1
1012	2	0	0	25.073	0
1015	2	0	0	30.773	0
1021	0	0	0	0.879	0
1024	1	0	0	1.002	0
1031	1	0	0	48.802	0
1053	1	0	0	3.669	0
1056	2	0	0	23.001	0
1060	0	0	0	48.413	0
1061	2	0	0	14.511	0
1063	0	0	0	49.916	0
1066	1	0	0	60.504	0
1068	0	0	0	21.9315	1
1069	1	0	0	4.482	0
1074	0	0	0	55.581	0
1076	1	0	0	42.582	0
1077	2	0	0	26.604	0
1079	1	0	0	36.301	1
1084	1	0	0	8	1
1087	1	0	0	32.668	0
1089	0	0	0	20.999	0
1091	0	0	0	57.049	0
1098	1	0	0	2.0835	1
1099	1	0	0	9.016	0
1101	0	0	0	44	0
1110	0	0	0	55.496	0
1112	0	0	0	61.832	0
1115	0	0	0	17.169	1
1121	0	0	0	14.7955	1
1127	1	0	0	10.6695	1
1131	1	0	0	3.31	1
1133	1	0	0	7.4345	1
1134	1	0	0	18.757	1
1137	1	0	0	3.888	0
1139	2	0	0	21.7465	1
1143	0	0	0	3.425	0
1145	1	0	0	10.872	1
1149	1	0	0	27.97	0
1151	1	0	0	14.0125	1
1153	1	1	0	21.0045	1
1155	2	0	0	4.49	0
1160	1	0	0	10.653	0
1161	1	0	0	10.653	0
1164	1	0	0	59.948	0
1166	2	0	0	9.0105	1
1169	2	0	0	8.999	1
1172	0	0	0	49.35	0
1174	0	0	0	56.101	0
1176	0	0	0	14.012	0
1178	0	0	0	22.982	0
1180	0	0	0	44.077	0
1184	2	0	0	47.88	0
1186	0	0	0	10.5955	1
1188	1	0	0	4.665	1
1191	1	0	0	50.653	0
1197	1	0	0	13.029	0
1206	0	0	0	57.164	0
1209	1	0	0	1.4605	1
1210	2	0	0	24.747	0
1212	0	0	0	51.001	0
1213	2	0	0	14.198	0
1216	2	0	0	44.383	0
1218	0	0	0	36.205	1
1221	1	0	0	47.001	0
1223	1	0	0	50.962	0
1226	1	0	0	38.42	0
1230	0	0	0	23.458	0
1232	0	0	0	48.559	0
1236	1	0	0	10.9325	1
1238	0	0	0	44.063	0
1241	2	0	0	22.579	0
1253	0	0	0	1.251	1
1263	0	0	0	16.309	0
1273	1	0	0	2.8335	1
1278	1	0	0	15.671	0
1282	2	0	0	11.587	0
1291	1	0	0	6.39	1
1292	1	0	0	15.6715	1
1295	1	1	0	17.7765	1
1297	0	1	1	10.6355	1
1300	0	1	0	54.505	0
1308	2	1	0	14.631	0
1317	1	1	0	16.057	0
1322	0	0	0	19.001	0
1325	0	0	0	19.001	0
1329	1	0	0	3.165	0
1332	0	0	0	24.671	0
1336	2	0	0	1.1075	1
1339	0	0	0	27.499	1
1345	1	0	0	17.254	1
1357	2	0	0	15.003	0
1360	2	0	0	14.768	0
1362	1	0	0	8.6845	1
1366	0	0	0	9.0855	1
1367	1	0	0	6.0205	1
1369	1	0	0	32.706	0
1372	1	0	0	32.706	0
1374	1	0	0	33.498	0
1376	2	0	0	30.653	1
1379	2	0	0	34.04	0
1381	0	0	0	55.398	0
1383	0	0	0	51.707	0
1385	2	0	0	33.207	0
1386	2	0	0	8.758	0
1388	0	0	0	50.001	0
1399	2	0	0	18.971	0
1405	2	0	0	21.804	0
1412	2	0	0	5.53	0
1418	0	0	0	42.341	0
1425	1	0	0	10.179	0
1426	1	0	0	0.972	0
1434	1	0	0	0.972	0
1439	0	0	0	14.565	0
1470	1	0	0	13.689	0
1475	1	0	0	7.368	0
1477	1	0	0	25.084	0
1483	1	0	0	22.242	0
1486	1	0	0	5.1525	1
1489	1	0	0	18.858	0
1491	0	0	0	7.5815	1
1493	2	0	0	37.5005	1
1495	0	0	0	53.498	0
1500	1	0	0	6.407	0
1506	2	0	0	3.811	0
1509	0	0	0	9.569	0
1511	2	0	0	40.115	0
1514	1	0	0	34.582	0
1519	2	0	0	7.546	0
1520	2	0	0	7.546	0
1522	1	0	0	58.053	0
1528	1	0	0	11.272	0
1534	0	0	0	60.208	0
1536	0	0	0	22.001	0
1539	1	0	0	21.164	0
1546	2	0	0	20	1
1555	1	0	0	4.252	1
1589	1	0	0	11.1675	1
1596	2	0	0	10.2065	1
1599	2	0	0	50.385	0
1603	0	0	1	5.848	0
1609	2	0	0	1.6125	1
1611	0	0	0	35.381	0
1624	1	0	0	6.795	0
1632	2	0	0	2.012	0
1634	1	0	0	4.082	1
1648	1	0	0	1.807	0
1657	1	0	0	4.739	1
1661	2	0	0	5.09	0
1668	0	0	0	6.754	1
1670	0	0	0	32.769	0
1685	1	0	0	25.774	0
1690	1	0	0	5.966	0
1693	2	0	0	7.966	1
1695	0	0	0	52.611	0
1697	2	0	0	54.166	0
1701	1	0	0	22.765	0
1704	0	0	0	5.0025	1
1707	1	0	0	29.229	0
1709	0	0	0	49.125	0
1713	1	0	0	39.488	0
1715	0	0	0	45.087	0
1717	1	0	0	4.6925	1
1720	2	0	0	9.999	1
1724	0	0	0	2.3355	1
1726	1	0	0	11.88	0
1736	1	0	0	8.654	0
1745	0	0	0	2.042	0
1749	1	0	0	20.066	0
1754	1	0	0	10.36	0
1758	2	0	0	24.8325	1
1760	1	0	0	27.47	1
1769	1	0	0	14.743	0
1778	1	0	0	7.198	0
1781	0	0	0	12.999	0
1783	0	0	0	45.235	0
1787	2	0	0	13.58	1
1789	1	0	0	21.706	0
1791	0	0	0	37.582	0
1795	1	0	0	4.9145	1
1798	1	0	0	14.196	0
1805	1	0	0	2.6095	1
1813	1	0	0	20.419	1
1814	0	0	0	0.381	0
1817	0	0	0	61.771	0
1820	2	0	0	42.847	0
1826	1	0	0	23.565	0
1835	1	0	0	42.01	0
1837	0	0	0	46.138	0
1841	1	0	0	21.44	0
1843	1	0	0	17.002	1
1846	0	0	0	53.405	0
1852	1	0	0	9.166	1
1853	1	0	0	10.831	0
1861	2	0	0	5.038	0
1867	0	0	0	10.182	0
1868	0	0	0	23.348	0
1870	1	0	0	10.1655	1
1872	0	0	0	35.001	0
1877	1	0	0	0.561	0
1879	1	0	0	43.08	0
1881	1	0	0	12.241	0
1883	2	0	0	3.874	0
1887	0	0	0	6.023	0
1890	1	0	0	0.912	1
1895	1	0	0	0.767	0
1902	1	0	0	8.75	1
1921	0	0	0	4.331	0
1924	0	0	0	13.999	0
1934	1	0	0	15.559	0
1943	1	0	0	17.331	0
1945	1	0	0	15.559	0
1948	1	0	0	6.5815	1
1955	0	0	0	6.086	1
1964	0	0	0	4.419	1
1969	1	0	0	5.914	1
1976	0	0	0	36.356	0
1981	1	0	0	0.608	1
1985	0	0	0	24.999	0
1987	0	0	0	6.2505	1
1994	1	0	0	16.726	0
1996	1	0	0	11.833	0
1999	1	0	0	29.823	0
2001	1	0	0	5.9195	1
2005	0	0	1	9.662	0
2031	1	0	0	40.597	0
2034	1	0	0	40.597	0
2036	1	0	0	0.9745	1
2042	0	0	0	7.313	1
2049	0	0	0	3.526	0
2051	0	0	0	29.999	0
2064	2	0	0	11.584	0
2067	0	0	0	18.998	0
2069	0	0	0	31.017	0
2073	0	0	0	24.4035	1
2075	0	0	0	55.915	0
2078	0	0	0	55.915	0
2081	2	0	0	7.406	1
2083	1	0	0	1.9985	1
2085	1	0	0	18.374	0
2091	1	0	0	28.501	0
2093	2	0	0	21.829	0
2095	2	0	0	24	0
2098	2	0	0	24	0
2101	1	0	0	38.215	0
2107	0	0	0	18.3765	1
2117	0	0	0	19.347	1
2119	1	0	0	21.591	1
2122	2	0	0	21.591	1
2126	1	0	0	32.033	0
2128	2	0	0	27.42	0
2132	2	0	0	46.36	0
2136	1	0	0	3.918	1
2139	1	0	0	5.251	1
2141	1	0	0	1.793	0
2148	1	0	0	24.025	0
2149	1	0	0	24.025	0
2151	2	0	0	25.555	0
2154	2	0	0	21.591	0
2157	1	0	0	23.639	0
2163	2	0	0	32.394	0
2167	2	0	0	1.114	0
2175	1	0	0	34.001	0
2177	0	1	0	30.094	0
2179	0	1	0	45.944	0
2181	0	0	0	24.794	1
2183	1	0	0	39.959	0
2186	1	0	0	38.702	0
2190	0	0	0	5.812	0
2192	0	0	0	5.3335	1
2195	2	0	0	57.919	0
2198	1	0	0	3.003	0
2200	0	1	0	15.5465	1
2203	0	1	0	11.671	0
2208	1	0	0	13.498	0
2211	0	0	0	6.483	1
2215	0	0	0	0.991	0
2223	2	0	0	13.807	0
2225	0	0	0	18.01	0
2227	0	0	1	15.707	0
2235	1	0	0	28.252	0
2239	0	0	0	1.714	0
2246	1	0	0	1.328	1
2256	1	0	0	10.2505	1
2259	1	0	0	18.122	1
2260	0	0	0	3.548	0
2262	1	0	0	12.723	0
2266	0	0	0	13.1005	1
2271	1	0	0	3.548	0
2274	2	0	0	31.5945	1
2279	0	0	0	8.063	0
2295	1	0	0	25.7495	1
2298	2	0	0	30.251	0
2317	0	0	0	44.131	0
2321	0	0	0	6.869	1
2322	1	0	0	7.2715	1
2324	0	1	0	22.7995	1
2328	1	1	0	8.9145	1
2348	1	1	0	23.488	0
2350	0	0	0	30.166	0
2352	1	0	0	11.001	1
2358	1	0	0	31.0005	1
2361	2	0	0	14.842	0
2367	2	0	0	8.11	0
2370	0	1	0	50.919	0
2375	2	1	0	9.719	0
2377	0	1	0	22.4995	1
2379	0	0	0	23.7505	1
2382	0	0	0	38.33	0
2384	0	0	0	31.373	0
2389	1	0	0	6.048	0
2398	2	0	0	3.0005	1
2401	2	0	0	4.9885	1
2405	2	0	0	1.93	1
2407	1	0	0	20.167	1
2410	1	0	0	20.3315	1
2415	0	0	0	5.993	0
2428	1	0	0	2.0805	1
2432	1	0	0	15.116	0
2434	2	0	0	20.381	0
2437	1	0	0	21.832	0
2439	1	0	0	46.806	0
2440	2	0	0	8.843	0
2446	1	0	0	11.444	0
2453	1	0	0	6.738	1
2455	2	0	0	3.838	0
2458	1	0	0	30.185	0
2462	0	0	0	3.42	1
2473	0	0	0	23.422	0
2482	1	0	0	36.474	0
2485	1	0	0	36.474	0
2487	1	0	0	42.924	0
2490	1	0	0	42.924	0
2502	1	0	0	30.913	0
2504	2	0	0	32.986	0
2508	2	0	0	5.752	0
2515	0	0	0	0.548	0
2518	2	0	0	22.664	0
2520	1	0	0	38.595	0
2523	1	0	0	38.587	0
2528	1	0	0	18.404	0
2546	1	0	0	16.504	0
2548	1	0	0	42.834	0
2556	0	0	0	4.838	0
2558	1	0	0	11.332	1
2563	2	0	0	4.838	0
2566	2	0	0	45.626	0
2568	2	0	0	32.83	0
2572	1	0	0	12.172	0
2578	1	0	0	13.194	0
2581	1	0	0	12.172	0
2587	1	0	0	11.047	0
2589	0	0	0	46.333	0
2592	0	0	0	45.749	0
2594	1	0	0	35.584	0
2597	1	0	0	28.999	0
2598	1	0	0	23.702	0
2602	0	1	0	50.084	0
2604	0	1	0	6.001	0
2610	1	1	0	4	0
2612	1	0	0	15.7385	1
2616	1	0	0	5.266	1
2619	0	0	0	49.588	0
2621	1	0	0	12.419	1
2624	2	0	0	3.001	1
2628	2	0	0	22.667	0
2630	2	0	0	25.027	0
2632	1	0	0	24.003	0
2634	1	0	0	39.023	0
2636	1	0	0	29.218	0
2638	1	0	0	14.638	1
2647	0	0	0	7.551	0
2656	1	0	0	10.9155	1
2660	1	0	0	15.422	0
2662	1	0	0	9.139	0
2664	2	0	0	43.929	0
2668	1	0	0	6.505	1
2671	1	0	0	30.546	0
2674	2	0	0	58.916	0
2676	0	0	0	5.667	1
2679	0	0	0	22.935	0
2682	0	0	0	12.999	1
2684	1	1	0	21.999	0
2688	0	0	0	45.437	0
2690	0	0	0	14.998	0
2698	0	0	0	62.861	0
2700	0	0	0	32.079	0
2701	1	0	0	9.914	0
2702	2	0	0	6.152	0
2703	1	0	0	7.42	1
2705	0	0	0	35.937	0
2708	0	0	0	38.001	0
2712	0	0	0	32.186	0
2714	1	0	0	19.997	0
2716	1	1	0	5.013	1
2719	1	0	0	39.001	0
2727	0	0	0	5.86	0
2729	1	0	0	29.35	0
2737	0	0	0	27.997	0
2739	1	0	0	2.001	0
2742	0	0	0	30.749	0
2747	1	0	0	5.503	1
2752	0	0	0	8.246	1
2754	2	0	0	33.919	0
2757	0	0	0	54.749	0
2760	1	0	0	11.5425	1
2762	0	0	0	3.817	0
2764	0	0	0	28.8025	1
2767	2	1	0	20.756	0
2772	2	0	0	27.937	0
2775	1	0	0	20.55	0
2779	1	0	0	8.8435	1
2785	1	0	0	3.4195	1
2787	1	0	0	2.1685	1
2795	0	0	0	3.639	0
2801	1	0	0	8.523	0
2804	2	0	0	31.477	1
2811	1	0	0	19.833	1
2817	1	0	0	1.8315	1
2827	1	0	0	5.166	1
2829	0	0	0	1.199	1
2834	0	0	0	1.336	1
2838	0	0	0	22.322	0
2842	1	0	0	42.604	0
2849	0	0	0	31.138	0
2854	0	0	0	7.496	0
2858	0	0	0	54.338	0
2861	0	0	0	54.001	0
2863	2	0	0	13.585	0
2873	0	0	0	37.823	0
2877	1	1	0	24.994	0
2879	1	0	0	39.05	0
2880	1	0	0	1.999	0
2882	1	0	0	1.002	0
2893	0	0	0	14.771	0
2903	0	0	0	1.673	1
2904	2	0	0	13.916	0
2907	2	0	0	8.991	0
2910	0	0	0	10.245	1
2913	0	0	0	15.915	1
2915	0	0	0	41.999	0
2918	0	0	0	41.999	0
2927	1	0	0	40.903	0
2937	1	0	0	5.818	0
2938	1	0	0	5.999	0
2941	1	0	0	10.664	1
2943	1	0	0	11.502	1
2944	2	0	0	41.173	0
2947	1	0	0	17.889	0
2950	1	0	0	25.221	0
2953	1	0	0	22.782	0
2955	1	0	0	40.107	0
2959	2	0	0	11.693	0
2964	2	0	0	4.323	0
2966	2	0	0	3.995	0
2967	2	0	0	6.062	0
2968	2	0	0	10.116	0
2970	2	0	0	1.588	1
2976	2	0	0	7.064	0
2979	1	0	0	23.496	0
2983	1	0	0	20.523	1
2985	0	0	0	44.58	0
2987	0	0	0	31.42	0
2990	0	0	0	31.42	0
2996	1	0	0	7.0445	1
2998	0	0	0	31.441	0
2999	1	0	0	6.111	0
3002	1	0	0	24.646	0
3005	0	0	0	27.918	1
3009	1	0	0	12.178	1
3018	1	0	0	2.897	0
3019	0	0	0	1.084	1
3026	1	0	0	2.5875	1
3038	2	0	0	9.922	0
3040	1	0	0	18.998	0
3044	1	0	0	17.706	0
3052	1	0	0	2.867	0
3059	0	1	0	41.848	0
3062	0	1	0	41.848	0
3067	0	1	0	6.834	1
3074	0	1	0	7.504	0
3082	1	0	0	19.759	1
3084	1	0	0	6.694	0
3085	0	0	0	3.636	0
3089	0	0	0	50.007	0
3091	0	0	0	44.235	0
3093	0	0	0	29.246	0
3102	0	0	0	8.572	0
3103	1	0	0	7.51	0
3106	0	0	0	52.578	0
3110	0	0	0	23.411	0
3112	1	0	0	4.706	0
3114	1	0	0	16.016	0
3119	1	0	0	14.842	0
3123	2	0	0	18.349	0
3131	2	0	0	18.349	0
3134	1	0	0	30.998	0
3136	0	0	0	2.428	0
3144	1	0	0	8.085	1
3151	0	0	0	5.708	0
3154	2	0	0	9.752	0
3158	1	0	0	19.414	1
3164	1	0	0	7.504	0
3165	1	0	0	21.741	0
3167	1	0	0	45.867	0
3173	1	0	0	15.784	0
3180	1	0	0	18.664	0
3181	0	0	0	1.697	0
3184	2	0	0	21.903	0
3187	0	0	0	20.9175	1
3192	1	0	0	14.051	0
3202	1	0	0	1.254	1
3206	0	1	0	22.376	0
3224	2	0	0	12.939	0
3227	0	0	0	3.001	0
3237	0	0	0	14.163	1
3243	2	0	0	22.919	0
3245	1	0	0	14.749	1
3249	2	0	0	11.047	0
3254	1	0	0	2.634	0
3258	2	0	0	7.466	0
3261	0	0	0	6.6815	1
3266	1	0	0	24.723	0
3272	1	0	0	12.9915	1
3280	1	0	0	9.517	0
3289	1	0	0	24.723	0
3291	2	0	0	22.686	0
3296	0	0	0	49.999	0
3298	0	0	0	50.864	0
3301	1	0	0	37.517	0
3304	1	0	0	12.183	0
3305	1	0	0	3.984	0
3308	1	0	0	43.874	0
3311	0	0	0	67.255	0
3316	1	0	0	15.718	0
3322	0	0	0	20.843	0
3329	1	0	0	9.873	0
3335	1	0	0	33.415	0
3338	1	0	0	19.997	0
3342	0	0	0	28.999	0
3345	0	0	0	41.251	0
3347	1	0	0	38.943	0
3363	0	0	0	0.079	0
3370	0	1	0	31.179	0
3386	1	0	0	45.547	0
3387	1	0	0	33.5795	1
3391	1	0	0	17.016	0
3397	1	0	0	8.227	0
3398	2	0	0	17.016	0
3400	2	0	0	11.9505	1
3402	1	0	0	55.669	0
3430	0	0	0	40.452	0
3435	1	0	0	12.668	1
3437	0	0	0	2.075	0
3441	1	0	0	6.9265	1
3447	1	0	0	16.293	1
3450	0	0	0	33.665	0
3453	1	0	0	37.895	0
3455	2	0	0	18.943	0
3464	0	0	0	30.998	0
3467	0	0	0	30.998	0
3470	2	0	0	6.4835	1
3471	2	0	0	7.244	0
3473	0	0	0	31.061	0
3476	0	0	0	32.832	0
3480	1	0	0	11.168	1
3482	0	0	0	5.665	0
3485	0	0	0	59.384	0
3487	1	0	0	24.726	0
3490	1	0	0	24.726	0
3492	0	0	0	15.039	1
3493	1	0	0	16.7475	1
3495	1	0	0	3.4605	1
3508	1	0	0	2.505	0
3509	2	0	0	24.876	0
3511	1	1	0	5.796	0
3517	1	0	0	6.672	0
3522	2	0	0	7.647	0
3525	2	1	0	28.999	0
3527	1	0	0	40.868	0
3530	1	0	0	39.918	0
3536	2	0	0	18.902	0
3540	1	0	0	7.915	1
3548	0	0	0	7.452	0
3551	2	0	0	28.78	0
3556	2	0	0	3.581	1
3558	2	0	0	9.029	0
3562	2	0	0	20.022	0
3567	2	0	0	12.142	0
3570	2	0	0	29.914	0
3573	0	0	0	48.862	0
3577	1	0	0	22.376	0
3580	0	0	0	44.824	0
3583	0	0	0	46.086	0
3586	0	0	0	37.752	0
3589	2	0	0	15.765	0
3592	0	0	0	8.835	1
3594	2	0	0	34.3685	1
3597	0	0	0	5.9605	1
3602	2	0	0	23.496	0
3604	0	1	0	48.32	0
3609	2	0	0	19.833	0
3616	1	0	0	3.833	1
3621	1	0	0	3.732	0
3623	0	0	0	15.012	0
3624	0	0	0	13.834	1
3627	0	1	0	44.339	0
3638	1	0	0	7.3755	1
3646	0	0	0	73.068	0
3648	0	1	0	28.1245	1
3650	0	0	0	28.0875	1
3653	0	0	0	41.689	0
3655	0	0	0	2.001	0
3658	0	0	0	2.001	0
3662	0	0	0	6.267	0
3668	0	0	0	5.1965	1
3683	1	0	0	19.997	0
3685	2	0	0	42.461	0
3688	1	0	0	46.04	0
3694	0	0	0	2.04	0
3700	1	0	0	14.3735	1
3703	0	0	0	51.852	0
3714	1	0	0	8.652	1
3716	0	0	0	30.7255	1
3719	1	0	0	35.619	0
3725	1	0	0	23.754	0
3728	2	0	0	28	0
3730	1	0	0	1.9135	1
3734	0	0	0	1.4345	1
3736	0	0	0	46.004	0
3741	1	0	0	10.579	1
3744	0	0	0	9.1635	1
3747	0	0	0	47.833	0
3751	0	0	0	12	0
3754	1	0	0	9.665	1
3757	0	0	0	38.103	0
3760	0	0	0	12	0
3763	1	0	0	37.418	0
3767	2	0	0	23.951	0
3768	2	0	0	23.951	0
3771	0	0	0	36	0
3774	1	0	0	44.999	0
3776	1	0	0	33.793	0
3778	1	0	0	1.722	1
3784	0	0	0	2.9075	1
3790	0	0	0	15.001	0
3792	1	0	0	4.082	1
3794	1	0	0	50.379	1
3796	0	0	0	20.7475	1
3798	1	0	0	25.405	0
3802	0	0	0	1.7465	1
3803	1	0	0	25.405	0
3805	1	0	0	47.08	0
3808	1	0	0	45.626	0
3816	0	0	0	8.14	0
3827	1	0	0	9.818	0
3831	2	0	0	23.655	1
3834	1	0	0	4.208	1
3836	0	0	0	13.8345	1
3844	1	0	0	4.586	1
3850	0	0	0	6.675	1
3853	1	1	0	40.95	0
3857	1	1	0	1.492	0
3870	0	1	0	17.999	0
3872	0	1	0	14.998	0
3877	1	1	0	5.799	0
3893	0	0	0	11.5425	1
3895	0	0	0	32.747	0
3898	0	0	0	51.291	0
3905	0	0	0	10.305	1
3910	0	1	0	6.136	0
3913	1	1	0	5.577	0
3915	1	0	0	19.9125	1
3918	2	0	0	41.503	0
3923	2	0	0	7.069	0
3924	2	0	0	7.069	0
3926	0	0	0	31.666	1
3927	1	0	0	7.767	0
3930	0	0	0	44.873	0
3932	2	0	0	1.498	1
3941	1	0	0	26.527	0
3948	2	0	0	21.919	1
3965	1	0	0	1.843	0
3979	1	0	1	0.75	1
3981	2	0	0	47.543	0
3986	0	0	0	16.999	0
3988	1	0	0	47.943	0
3990	1	0	0	14.998	0
3994	1	0	0	4.145	1
3995	1	0	0	10.793	0
3998	1	0	0	26.497	0
3999	1	0	0	13.744	0
4001	0	0	0	43.001	0
4004	0	0	0	43.001	0
4006	1	0	0	49.248	0
4012	1	0	0	3.255	0
4015	1	0	0	24.999	0
4017	0	0	0	43.997	0
4021	1	0	0	8.041	1
4028	1	0	0	11.926	0
4030	2	0	0	17.591	0
4037	1	0	0	18.42	1
4042	1	0	0	12.085	1
4045	1	0	0	9.7745	1
4053	0	0	0	16.252	0
4055	1	0	0	31.34	0
4058	1	0	0	31.34	0
4060	0	0	0	44.027	0
4063	1	0	0	43.581	0
4064	1	0	0	7.83	0
4072	1	0	0	10.872	1
4074	1	0	0	10.0725	1
4076	1	0	0	26.42	0
4086	2	0	0	44.435	0
4097	1	1	0	21.038	0
4102	2	0	0	14.935	0
4107	1	0	0	6.001	0
4109	1	0	0	29.982	0
4111	2	0	0	34.79	0
4114	2	0	0	34.79	0
4119	0	0	0	5.032	0
4122	0	0	0	46.762	0
4124	1	0	0	1.624	0
4126	2	0	0	26.42	0
4129	2	0	0	32.545	0
4130	2	0	0	19.926	0
4132	2	0	0	53.749	0
4136	1	0	0	2.998	1
4138	2	0	0	18.157	0
4141	0	0	0	53.391	0
4143	1	0	0	26.667	0
4145	1	0	0	20	1
4147	0	0	0	54.226	0
4149	0	0	0	19.94	0
4152	2	0	0	4.58	1
4156	1	0	0	15.162	0
4162	1	0	0	27.997	0
4165	0	0	0	18.338	1
4171	1	0	0	20.611	0
4175	2	0	0	10.752	0
4187	2	0	0	39.422	0
4191	2	0	0	12.649	0
4199	1	0	0	5.569	0
4207	1	0	0	5.498	1
4209	2	0	0	46.653	0
4211	0	0	0	48.895	0
4216	1	0	0	6.278	0
4219	1	0	0	6.278	0
4222	0	0	0	6.114	0
4225	1	0	0	62.752	0
4227	1	0	0	32.422	0
4229	1	0	0	48.463	0
4232	0	0	0	32.167	0
4235	0	1	1	22.497	1
4265	1	0	0	13.996	0
4268	1	1	0	7.001	0
4270	1	0	0	35.253	0
4274	0	1	0	6.653	0
4276	0	1	0	6.653	0
4278	0	0	0	12	0
4280	0	0	1	16.7285	1
4293	1	0	0	9.829	0
4295	0	0	0	43.001	0
4298	0	0	0	43.001	0
4302	0	0	0	54.067	0
4305	0	0	0	54.831	0
4307	0	0	0	42.004	0
4316	2	0	0	9.372	0
4318	0	0	0	32.003	0
4320	0	0	0	38.001	0
4321	1	0	0	5.038	0
4323	2	0	0	3.525	1
4325	1	0	0	20.463	1
4328	1	0	0	25.892	0
4335	1	0	0	49.629	0
4338	0	0	0	42.604	0
4340	1	0	0	33.309	0
4341	1	0	0	9.796	0
4342	1	0	0	21.131	0
4348	0	0	0	19.499	1
4350	2	0	0	22.001	0
4353	0	0	0	4.003	0
4355	0	0	0	1.166	1
4356	1	0	0	36.082	0
4358	2	0	0	8.753	0
4360	1	0	0	6.634	1
4365	1	0	0	13.2485	1
4367	2	0	0	31.748	0
4368	1	0	0	3.551	0
4371	1	0	0	34.352	0
4373	1	0	0	52.498	0
4377	1	0	0	7.518	0
4380	1	0	0	36	0
4387	2	0	0	7.001	0
4390	2	0	0	7.001	0
4392	1	0	0	39.329	0
4394	2	0	0	1.823	0
4397	1	0	0	30.415	0
4401	0	0	0	4.594	0
4404	1	0	0	4.594	0
4410	1	0	0	22.305	0
4415	2	0	0	20.334	1
4419	1	0	0	20.334	1
4422	1	0	0	37.793	0
4429	0	0	0	25.8315	1
4432	1	0	0	22.5	1
4435	2	0	0	42.623	0
4439	2	0	0	32.813	0
4442	2	0	0	8.819	0
4444	2	0	0	46.456	0
4451	2	0	0	2.267	0
4461	2	0	0	1.336	1
4463	1	1	0	62.338	0
4469	0	1	0	36.75	0
4472	0	1	0	36.75	0
4474	0	0	0	19.9535	1
4476	1	0	0	24.431	1
4479	0	0	0	51.874	0
4481	1	0	0	10.919	0
4483	2	0	0	34.338	0
4484	1	0	0	20.999	1
4492	1	0	0	9.914	1
4493	0	0	0	15.302	0
4502	1	0	0	62.084	0
4504	1	0	0	9.084	1
4507	1	0	0	24.58	0
4511	0	0	0	11.324	0
4516	1	0	0	6.497	1
4518	1	0	0	6.497	1
4520	0	0	0	32.337	0
4524	1	0	0	25.47	0
4526	1	0	0	29.771	0
4531	1	0	0	17.292	0
4538	1	0	0	20.03	1
4541	1	0	0	2.861	0
4545	0	0	0	5.5165	1
4553	0	0	0	4.6135	1
4554	1	0	0	10.166	1
4582	1	0	0	12.753	0
4584	0	0	0	47.009	0
4595	0	0	0	18.864	0
4598	0	0	0	38.732	0
4604	1	0	0	56.041	0
4606	0	0	0	41.388	0
4608	1	0	0	23.732	1
4611	1	0	0	8.9145	1
4618	2	0	0	21.339	0
4621	0	0	0	27.817	0
4622	1	0	0	7.0825	1
4624	0	0	0	24.016	0
4626	1	0	0	41.128	0
4629	1	0	0	24.999	0
4631	1	0	0	17.6005	1
4653	1	0	1	6.3325	1
4655	0	0	0	35.803	0
4661	0	0	0	1.9165	1
4662	1	0	0	9.374	0
4670	1	0	0	53.155	0
4676	1	0	0	15.058	0
4678	1	0	0	15.058	0
4691	1	0	0	6.987	0
4699	1	0	0	4.016	0
4701	2	0	0	41.12	0
4704	0	0	0	49.999	0
4706	0	0	0	38.571	0
4707	2	0	0	22.401	0
4709	0	1	1	15.0005	1
4711	2	0	0	2.505	1
4719	2	0	0	28.074	0
4735	1	0	0	3.017	0
4738	1	0	0	45.733	0
4740	0	0	0	33.013	0
4742	1	0	0	23.578	0
4743	1	0	0	23.578	0
4745	0	0	0	21.6785	1
4749	1	0	0	13.969	0
4753	0	0	0	10.486	1
4759	0	0	0	5.667	1
4762	0	0	0	9.9135	1
4766	2	0	0	5.2485	1
4779	1	0	0	4.835	0
4783	0	0	0	5.684	0
4785	0	0	0	62.33	0
4788	1	0	0	43.882	0
4792	2	0	0	4.082	1
4795	0	0	0	50.502	0
4797	0	1	0	50.163	0
4807	2	0	0	16.082	1
4812	2	0	0	9.555	0
4818	2	0	0	9.555	0
4819	1	0	0	4.704	1
4822	1	0	0	43.313	0
4826	1	0	0	25.722	0
4830	0	0	0	53.985	0
4837	1	0	0	4.668	1
4838	1	0	0	1.777	0
4839	1	0	0	1.511	1
4847	1	0	0	9.0105	1
4851	1	0	0	14.097	0
4858	0	0	0	19.8575	1
4863	1	0	0	7.997	0
4865	1	0	0	27.409	0
4869	1	0	0	39.362	0
4873	2	0	0	16.78	0
4879	1	0	0	12.597	0
4880	1	1	0	9.591	0
4883	1	0	0	25.013	0
4888	0	1	0	34.1	0
4897	0	1	0	3.2085	1
4905	1	1	0	4.022	1
4907	1	0	0	10.001	0
4910	0	0	0	64.255	0
4911	1	0	0	23.619	0
4915	0	0	0	14.746	0
4916	1	0	0	14.746	0
4918	1	1	0	20.5205	1
4922	1	1	0	0.734	0
4927	1	1	0	1.169	0
4934	1	1	0	3.173	0
4937	1	0	0	42.251	0
4944	1	0	0	19.576	0
4946	0	0	0	28.999	0
4948	0	0	0	27.477	0
4952	1	0	0	18.163	0
4956	1	0	0	11.455	0
4959	1	0	0	15.2885	1
4962	1	0	0	31.91	0
4967	1	0	0	1.4155	1
4969	0	1	0	61.498	0
4972	0	1	0	61.498	0
4973	1	1	0	7.6575	1
4974	0	1	0	25.309	0
4995	1	0	0	31.775	0
5001	1	0	0	7.4115	1
5004	1	0	0	19.173	0
5008	0	0	0	4.134	1
5015	1	0	0	3.253	0
5018	1	1	0	24.917	0
5020	1	0	0	0.641	0
5024	1	0	0	8.0435	1
5028	2	0	0	13.437	0
5030	2	0	0	13.437	0
5032	1	0	0	13.699	1
5038	2	0	0	20.654	0
5043	1	0	0	19.441	0
5046	0	0	0	25.999	0
5050	0	0	0	9.465	1
5051	1	0	0	8.468	0
5053	1	0	0	27.335	0
5056	1	0	0	40.805	0
5062	1	0	0	4.337	1
5064	1	0	0	21.665	1
5066	0	0	0	36.945	0
5069	1	0	0	36.945	0
5071	0	0	0	2.075	0
5072	1	0	0	18.795	0
5081	1	0	0	7.2495	1
5087	1	0	0	32.172	0
5090	1	0	0	24.726	0
5095	2	0	0	13.974	1
5098	1	0	0	38.916	0
5104	2	0	0	15.934	0
5107	2	0	0	15.934	0
5109	0	0	0	11.165	0
5112	1	0	0	52	0
5114	1	0	0	54.595	0
5123	1	0	0	2.166	1
5127	1	0	0	5.084	1
5134	1	0	0	49.999	0
5137	0	0	0	38.494	0
5143	1	0	0	17.67	0
5154	1	0	0	21.066	0
5157	0	1	0	59.206	0
5159	0	0	0	34.609	0
5161	0	0	0	47.759	0
5166	0	0	0	6.248	1
5168	1	0	0	6.289	0
5178	1	0	0	40.695	0
5182	0	0	0	10.9155	1
5185	1	0	0	16.227	0
5189	2	0	0	4.003	0
5191	0	0	0	54.845	0
5195	2	0	0	1.665	1
5197	1	0	0	43.11	0
5200	1	0	0	38.212	0
5206	0	0	0	43.964	0
5208	2	0	0	13.2485	1
5210	2	0	0	9.128	1
5212	1	0	0	42.823	0
5218	1	0	0	20.843	0
5221	1	0	0	3.417	1
5226	1	0	0	29.0815	1
5233	2	0	0	5.12	0
5237	1	0	0	14.795	0
5238	1	0	0	14.795	0
5242	1	1	1	3.1295	1
5245	2	0	0	5.2215	1
5251	1	0	0	1.1635	1
5255	1	0	0	17.848	0
5260	1	0	0	16.096	0
5262	1	0	0	3.0005	1
5266	1	0	0	16.096	0
5268	1	0	0	30.335	0
5276	0	0	0	5.15	0
5285	1	0	0	15.751	0
5286	2	0	0	17.511	0
5288	1	0	0	16	0
5291	1	0	0	56.903	0
5293	1	0	0	30.275	0
5300	1	0	0	37.317	0
5305	1	0	0	4	1
5310	1	0	0	14.771	0
5312	1	0	0	52.151	0
5317	2	0	0	7.811	0
5319	0	0	0	5.4975	1
5322	1	0	0	18.001	0
5325	1	0	0	31.083	0
5329	0	0	0	47.233	0
5336	0	0	0	58.001	0
5337	2	0	0	8.509	0
5340	1	0	0	44.244	0
5343	0	0	0	54.68	0
5346	2	0	0	19.915	1
5349	0	0	0	6.0015	1
5359	2	0	0	33.662	0
5380	2	0	0	34.16	0
5387	1	0	0	6.297	0
5389	2	0	0	15.165	1
5390	2	0	0	25.916	0
5409	1	0	0	1.656	0
5411	1	0	0	12.879	0
5415	1	0	0	10.546	0
5417	2	0	0	10.913	0
5420	2	0	0	12.501	1
5424	2	0	0	8.9995	1
5429	1	0	0	1.8645	1
5430	2	0	0	13.73	0
5432	2	0	1	8.643	0
5435	1	0	0	23.0855	1
5438	1	0	0	51.863	0
5441	1	0	0	51.863	0
5448	0	1	0	24.999	0
5450	0	0	0	42.998	0
5454	2	0	0	3.072	0
5455	1	0	0	22.119	0
5458	1	1	0	43.625	0
5470	0	1	0	1.733	0
5472	0	0	1	15.354	1
5474	0	1	0	24.0465	1
5476	0	1	0	15.083	1
5478	1	0	0	18.064	0
5480	1	0	0	5.2125	1
5497	1	0	0	3.483	0
5505	1	0	0	52.164	0
5517	0	0	0	2.001	1
5519	1	0	0	2.637	0
5523	0	0	0	10.809	0
5531	0	0	0	40.416	0
5536	1	0	0	20.602	0
5546	0	0	0	32.695	0
5551	1	0	0	4.775	0
5554	0	0	0	46.538	0
5556	1	0	0	21.5825	1
5558	1	0	0	14.4145	1
5567	1	0	0	6.735	0
5569	2	0	0	1.6645	1
5571	1	0	0	4.334	1
5574	0	0	0	3.003	0
5577	0	0	0	14.973	0
5580	1	0	0	26.623	0
5585	2	0	0	50.568	0
5590	2	0	0	15.406	1
5594	1	0	0	17.969	0
5596	1	0	0	6.7485	1
5600	0	0	0	2.976	0
5605	1	0	0	8.26	1
5607	1	0	0	21.999	0
5609	0	0	0	33.109	0
5611	1	0	0	24.413	0
5625	2	0	0	40.071	0
5634	1	0	0	11.061	0
5636	1	0	0	1.955	0
5643	2	0	0	12.099	0
5648	2	0	0	8.92	0
5651	1	0	0	17.999	0
5653	1	0	0	41.588	0
5656	1	0	0	42.42	0
5666	2	0	0	33.914	0
5679	1	0	1	6.653	0
5684	1	0	0	17.643	0
5687	1	0	0	17.643	0
5691	1	0	0	22.617	0
5693	0	0	0	7.1895	1
5702	0	0	0	19.2525	1
5704	0	0	0	3.0005	1
5707	0	0	1	36	1
5711	1	1	0	17.93	0
5718	1	1	0	0.679	0
5723	1	0	0	2.776	1
5725	0	0	0	45.081	0
5728	0	0	0	45.081	0
5732	0	0	0	6.664	1
5735	0	0	0	6.385	1
5737	0	1	0	24.038	0
5741	1	0	0	6.59	1
5743	2	0	0	3.014	0
5745	2	0	0	63.376	0
5748	2	0	0	63.335	0
5750	1	0	0	38.141	0
5752	1	0	0	10.486	0
5756	0	0	0	15.915	1
5758	2	0	0	62.084	0
5762	2	0	0	6.7845	1
5764	1	0	0	24.887	1
5766	0	0	0	22.523	1
5768	0	0	0	51.362	0
5771	1	0	0	61.678	0
5773	0	0	0	10.6285	1
5780	0	0	0	2.7485	1
5782	0	0	0	25.955	1
5784	0	0	0	4.0245	1
5787	0	0	0	22.418	0
5791	1	0	0	0.846	0
5794	1	0	0	8.63	0
5797	1	0	0	8.843	0
5799	0	0	0	38.897	0
5802	2	0	0	47.734	0
5805	1	0	0	34.987	0
5808	0	0	0	36.249	0
5812	1	0	0	15.132	0
5817	0	0	0	7.956	0
5820	1	0	0	29.971	0
5827	1	0	0	13.602	0
5828	1	0	0	13.684	0
5830	1	0	0	10.968	0
5832	2	0	0	45.399	0
5834	1	0	0	15.877	0
5838	1	0	0	0.646	0
5842	1	0	0	4.162	0
5847	1	0	0	7.45	0
5853	0	0	0	13.927	0
5856	1	0	0	1.309	0
5858	1	0	0	22.998	0
5862	1	0	0	14.601	1
5864	0	0	0	24.999	0
5865	1	0	0	25.279	0
5867	0	0	0	48.485	0
5869	0	0	0	49.248	0
5873	1	0	0	21.914	0
5884	1	0	0	0.583	1
5889	1	0	0	9.5635	1
5890	1	0	0	2.423	0
5893	1	0	0	4	0
5894	1	0	0	14.773	0
5896	1	0	0	3.8985	1
5903	0	0	0	9.862	0
5906	1	0	0	9.862	0
5908	0	0	0	20.835	0
5914	1	0	0	16.901	0
5922	1	0	0	9.142	0
5931	0	0	0	6.795	0
5933	0	0	0	22.256	0
5936	0	0	0	9.936	0
5938	1	0	0	40.914	0
5940	1	1	0	2.185	0
5943	0	1	0	2.5545	1
5951	1	0	0	28.112	0
5953	0	0	0	8.049	1
5956	1	0	0	47.42	0
5957	2	0	0	0.761	0
5966	2	0	0	46.642	0
5967	1	0	0	19.061	0
5969	1	0	0	3.7755	1
5971	1	0	0	17.689	0
5975	2	0	0	10.7	0
5978	1	0	0	4	0
5997	2	0	0	24.846	1
6008	0	0	1	19.789	1
6014	1	1	0	2.716	0
6027	1	0	0	20.504	0
6030	2	0	0	19.94	0
6034	1	0	0	20.923	0
6036	1	0	0	31.811	0
6042	1	0	0	6.2725	1
6045	0	0	1	42.502	0
6054	0	0	1	20.6245	1
6056	2	0	0	8	0
6060	1	0	0	26.998	0
6063	0	0	0	26.998	0
6065	1	0	0	8.4955	1
6071	2	0	0	1.591	1
6084	0	0	0	3.083	1
6086	1	0	0	3.083	1
6089	1	0	0	5.254	0
6092	0	0	0	10.311	0
6115	0	0	0	47.907	0
6122	0	0	0	47.028	0
6124	2	0	0	52.917	0
6127	1	0	0	52.917	0
6137	1	0	0	49.944	0
6140	1	0	0	29.982	0
6143	1	0	0	57.166	0
6148	0	0	1	24.999	1
6155	1	0	0	22.453	1
6158	1	0	1	45.169	0
6164	1	0	1	0.4985	1
6166	1	0	0	16.252	1
6168	1	0	0	21.949	0
6185	1	0	0	11.053	0
6186	1	0	0	3.168	0
6191	1	0	0	1.0595	1
6197	2	0	0	6.188	0
6199	1	0	0	9.656	0
6202	2	0	0	6.188	0
6205	1	0	0	49.687	0
6207	1	0	0	20.285	0
6209	1	0	0	46.905	0
6212	1	0	0	46.905	0
6218	1	0	0	38.998	0
6220	2	0	0	21.651	0
6225	1	0	0	34.598	0
6229	1	0	0	14.052	0
6230	1	0	0	15.218	0
6233	0	0	0	27.42	1
6238	0	0	0	4.758	0
6240	2	0	0	4.758	0
6245	1	0	0	1.038	0
6247	2	0	0	25.169	1
6256	1	0	0	0.81	0
6264	1	0	0	18.179	0
6266	2	0	0	42.103	0
6279	2	0	0	9.81	0
6280	1	0	0	5.667	1
6283	1	0	0	49.539	0
6295	1	0	0	2.001	0
6297	0	0	0	9.3345	1
6303	0	0	0	20.789	0
6312	1	0	0	9.213	0
6316	1	0	0	8.794	0
6318	0	0	0	36.586	0
6323	1	0	0	5.747	1
6329	0	0	0	51.458	0
6333	1	0	0	35.17	0
6336	0	1	0	25.999	0
6339	0	0	0	0.101	1
6341	1	0	0	3.751	1
6345	1	1	0	2.6585	1
6348	1	0	0	27.4275	1
6350	1	0	0	11.992	0
6353	1	0	0	7.003	0
6357	1	0	0	15.25	1
6360	1	0	0	19.066	0
6367	0	0	0	8.616	0
6371	2	0	0	13.733	0
6378	1	0	0	26.8335	1
6390	1	0	0	64.394	0
6393	0	0	0	64.394	0
6394	0	0	0	20.846	0
6400	1	0	0	6.768	0
6407	2	0	0	6.8805	1
6410	1	0	0	31.647	0
6417	1	0	1	3.748	1
6426	2	0	0	5.421	0
6429	0	0	0	45.418	0
6434	1	0	0	3.4555	1
6440	1	0	0	17.947	0
6443	0	0	0	46.984	0
6460	1	0	0	4.575	1
6467	2	0	0	16.17	1
6468	0	0	0	16.17	1
6470	2	0	0	4.679	0
6471	2	0	0	19.165	1
6473	2	0	0	25.435	0
6474	2	0	0	25.435	0
6479	0	0	0	12.999	0
6493	2	0	0	23.376	0
6495	0	0	0	26.001	0
6496	1	0	0	24.027	1
6498	0	0	0	14.059	1
6500	1	0	0	0.252	0
6503	1	0	0	0.252	0
6507	1	0	0	3.6715	1
6509	1	0	0	5.0405	1
6512	2	0	0	23.414	0
6516	1	0	0	15.3375	1
6518	1	1	0	23.499	1
6522	0	1	0	13.002	1
6524	0	0	0	45.383	0
6527	1	0	0	12	0
6529	1	0	0	11.001	0
6533	1	0	0	53.821	0
6536	1	0	0	25.999	0
6539	1	0	0	34.5	0
6544	1	0	0	13.993	0
6545	0	0	0	6.031	0
6550	1	0	0	1.818	1
6553	0	0	0	38.155	0
6557	1	0	0	5.005	0
6559	0	0	0	38.845	0
6563	0	0	0	40.118	0
6567	0	0	0	7.266	0
6570	1	0	0	14.097	0
6572	1	0	0	7.417	1
6579	0	0	0	3.559	0
6582	1	0	0	43.496	0
6585	1	0	0	47.264	0
6587	1	0	0	28.249	1
6589	1	0	0	3.499	0
6596	0	0	0	42.431	0
6599	1	0	0	39.168	0
6603	1	0	0	19.951	0
6617	1	0	0	1.164	0
6620	1	0	0	25.818	0
6624	1	0	0	6.47	0
6630	1	0	0	12.233	0
6635	1	0	0	10.086	1
6637	1	0	0	25.696	1
6639	0	0	0	58.363	0
6644	1	0	0	3.526	0
6647	0	0	0	55.51	0
6648	0	0	0	19.559	0
6654	0	0	0	6.801	1
6655	1	0	0	8.616	0
6658	0	0	0	44.085	0
6668	1	0	0	25.588	0
6670	0	1	0	19.611	0
6671	1	0	0	11.2495	1
6673	1	0	0	5.002	0
6684	1	0	0	26.771	0
6688	1	0	0	8.764	1
6693	1	0	0	21.372	0
6694	1	0	0	7.838	0
6697	1	0	0	30.93	0
6699	0	0	0	32	0
6704	1	0	0	18.144	0
6710	1	0	0	1.333	1
6719	1	0	0	5.7495	1
6721	1	0	0	27.001	0
6725	1	0	0	24.641	0
6732	0	0	0	1.1665	1
6734	0	0	0	3.885	0
6738	1	0	0	27.581	0
6743	0	0	0	4.4435	1
6746	0	0	0	4.9995	1
6753	1	0	0	21.561	0
6756	1	0	0	21.336	0
6763	1	0	0	39.641	0
6768	1	0	0	17.142	0
6774	1	0	0	16.337	0
6782	1	0	0	17.142	0
6784	1	0	0	61.667	0
6785	1	0	0	17.112	1
6787	0	0	0	11.436	0
6789	1	0	0	47.671	0
6795	0	0	0	2.872	0
6797	1	0	0	14.6695	1
6800	1	0	0	14.6695	1
6807	0	0	0	5.5825	1
6809	2	0	0	43.042	0
6816	1	0	0	2.9185	1
6819	1	0	0	11.896	0
6825	1	0	0	8.953	0
6827	1	0	0	43.573	0
6832	1	0	0	2.634	0
6839	1	0	0	6.2095	1
6841	1	0	0	16.329	0
6843	0	0	0	24.4435	1
6845	1	0	0	52	0
6848	0	0	0	9.1665	1
6852	0	0	0	4.3285	1
6857	0	0	0	10.412	0
6859	2	0	0	46.524	0
6862	0	0	0	3.5015	1
6866	1	0	0	7.409	0
6873	1	0	1	3.001	0
6875	0	0	0	25.4235	1
6878	0	0	0	3.001	0
6886	2	0	0	27.0825	1
6890	1	0	0	24.586	0
6897	2	0	0	7.828	0
6901	1	0	0	10.998	1
6902	0	0	0	0.745	0
6907	0	0	0	3.0035	1
6910	0	0	1	24.249	0
6916	2	0	0	23.45	0
6918	0	0	0	20.1095	1
6919	0	0	0	22.656	0
6921	0	0	0	25.01	0
6922	1	1	0	14.743	0
6923	2	0	0	48.999	0
6926	0	0	0	4.203	1
6929	0	0	0	54.418	0
6941	1	0	0	13.279	0
6942	1	0	0	25.35	0
6951	0	0	0	32.791	0
6955	1	0	0	7.663	0
6960	1	0	0	17.823	0
6966	0	0	0	0.999	0
6975	0	0	0	2.0455	1
6979	1	0	0	3.113	1
6985	1	0	0	53.993	0
6992	1	0	0	53.993	0
6995	0	0	0	30.916	0
6997	0	0	0	26.015	0
7000	1	0	0	26.762	0
7001	0	0	0	3.1235	1
7007	0	0	0	9.495	1
7013	0	0	0	9.347	1
7016	1	0	0	40.698	0
7021	1	0	0	7.584	0
7023	0	0	0	11.748	1
7025	1	0	0	50.494	0
7027	1	0	0	22.992	0
7037	1	0	0	10.338	1
7039	0	0	0	40.093	0
7042	0	0	0	40.093	0
7046	1	0	0	18.519	0
7052	0	0	0	9.437	0
7055	1	0	0	9.437	0
7057	1	0	0	26.554	0
7060	1	0	0	26.554	0
7064	1	1	0	0.238	0
7069	1	1	0	0.498	1
7077	1	1	0	11.028	1
7080	1	0	0	45.96	0
7087	1	0	0	34.502	0
7089	1	0	0	13.7505	1
7094	1	0	0	5.451	0
7101	1	0	0	7.915	1
7119	1	0	0	9.7195	1
7121	1	0	0	2.4175	1
7124	0	0	1	55.42	0
7130	0	1	1	15.995	0
7137	1	1	0	4.958	0
7142	1	1	1	15.995	0
7144	1	0	0	28.008	0
7147	1	0	0	1.002	0
7149	1	0	0	14.749	1
7151	1	0	0	42.023	0
7154	0	0	0	42.023	0
7161	1	0	0	5.235	0
7179	1	0	0	3.2495	1
7192	0	0	0	51.57	0
7195	1	0	0	38.585	0
7197	1	0	0	20	0
7201	1	0	0	15.997	0
7204	1	0	0	15.997	0
7207	1	0	0	24.999	0
7210	2	0	0	5.421	1
7217	0	0	0	3.447	0
7219	1	0	0	9.999	0
7227	2	0	0	37.999	0
7231	1	1	0	22.4995	1
7233	2	0	1	4.4575	1
7236	1	0	0	12.4995	1
7239	0	0	0	8.35	0
7243	1	0	0	11.532	0
7249	1	0	0	18.237	0
7251	1	0	0	18.237	0
7253	1	0	0	54.91	0
7257	1	0	0	1.752	1
7263	2	0	0	14.998	0
7266	1	0	0	12	0
7271	0	0	0	48.999	0
7273	1	0	0	41.947	0
7277	2	0	0	17.506	0
7278	2	0	0	17.506	0
7283	1	0	0	1.465	0
7289	1	0	0	5.829	1
7295	1	0	0	37.158	0
7297	0	0	0	29.999	0
7301	1	0	0	1.407	0
7303	1	0	0	9.999	0
7305	1	0	0	1.1585	1
7310	2	0	0	9.999	1
7317	0	0	0	12.769	0
7320	0	0	1	44.999	0
7324	1	1	0	12.8295	1
7328	0	1	0	40.854	0
7331	1	0	0	5.081	1
7337	1	0	0	18.875	0
7339	1	0	0	21.352	0
7348	2	0	0	18.804	0
7353	1	0	0	15.064	0
7360	1	0	0	8	1
7364	1	0	0	37.999	0
7367	1	0	0	29.355	0
7370	2	0	0	4.794	0
7373	1	0	1	13.372	0
7375	1	0	0	35.08	0
7378	1	0	0	35.08	0
7384	2	0	0	2.79	0
7386	1	0	0	24.446	1
7389	1	0	0	19.42	1
7394	1	0	0	10.0835	1
7402	0	0	0	4.789	0
7404	1	0	0	13.697	0
7407	1	0	0	10.59	1
7410	1	0	0	24.999	0
7413	1	0	0	16	0
7417	2	0	0	12.739	0
7421	0	0	0	21.648	0
7426	1	0	0	19.058	0
7434	1	0	0	20.424	0
7441	1	0	0	54.251	0
7458	1	0	0	25.194	0
7482	0	0	0	2.623	0
7489	1	0	0	18.579	0
7491	0	0	0	17.413	0
7493	1	0	0	30.773	0
7497	1	0	0	5.424	0
7502	1	0	0	0.608	0
7509	1	0	0	23.414	0
7510	0	0	0	0.5145	1
7512	0	0	0	13.999	0
7515	0	0	0	13.999	0
7518	1	0	0	22.442	1
7521	2	0	0	38.612	0
7526	1	0	0	4.994	0
7529	1	0	0	28.14	0
7531	0	0	0	24	0
7534	0	0	0	57.062	0
7536	0	0	0	48.17	0
7543	1	0	0	23.4	0
7545	1	0	0	27.343	0
7549	1	0	0	16.832	1
7558	0	0	0	0.999	1
7563	1	0	0	1.503	1
7565	0	1	0	25.718	1
7568	0	0	1	33.752	0
7569	0	1	0	22.428	0
7572	0	0	0	27.406	0
7584	0	0	0	0.115	0
7586	2	0	0	52.172	0
7589	1	0	0	52.172	0
7593	2	0	0	19.0825	1
7594	2	0	0	19.0825	1
7596	1	1	0	32.923	0
7608	2	0	0	8.613	0
7624	1	0	0	1.413	0
7627	2	0	0	8	0
7630	0	0	0	48.422	0
7638	0	0	0	24.526	0
7643	1	0	0	22.467	0
7645	0	0	0	0.8735	1
7646	1	0	0	3.921	1
7647	0	0	0	9.27	0
7649	0	1	1	29.4125	1
7673	1	1	0	13.032	0
7676	0	0	0	63.45	0
7678	1	0	0	43.953	0
7684	1	0	0	3.4965	1
7686	0	0	0	34.691	0
7688	0	0	0	5.8755	1
7692	1	0	0	1.7605	1
7697	1	0	0	16.249	0
7703	1	0	0	8.534	0
7718	1	0	0	12.2	0
7721	2	0	0	9.4155	1
7725	2	0	0	9.4155	1
7728	1	0	0	46.582	0
7732	1	0	0	3.5045	1
7734	2	0	0	46.705	0
7736	2	0	0	20.824	0
7742	2	0	0	6.0015	1
7743	2	0	0	18.086	1
7745	1	0	0	6.0015	1
7747	2	0	0	25.6235	1
7749	1	0	0	23.0005	1
7752	1	0	0	20.999	0
7755	1	0	0	30.998	0
7760	2	0	0	14.0835	1
7766	1	0	0	16.816	0
7768	0	0	0	9.58	0
7772	0	0	0	35.669	0
7774	0	0	0	40.219	0
7776	1	0	0	0.252	0
7779	1	0	0	0.252	0
7784	1	0	0	56.761	0
7801	1	1	0	7.6335	1
7803	0	1	0	3.332	1
7806	1	0	0	7.0475	1
7818	1	0	0	0.999	0
7822	1	0	0	23.8305	1
7828	1	0	0	6.338	1
7839	1	0	0	3.904	0
7841	1	0	0	26.5245	1
7846	1	0	0	6.5025	1
7849	1	1	0	25.999	0
7852	1	0	0	17.793	0
7853	0	0	0	1.574	0
7863	1	0	0	6.4995	1
7866	1	0	0	17.58	1
7882	1	0	0	29.7875	1
7883	1	0	0	15.669	0
7885	0	1	0	18.311	1
7888	0	0	1	18.7955	1
7892	1	1	0	9.897	0
7894	0	0	1	19.6225	1
7905	1	0	0	0.419	1
7907	0	0	0	15.7355	1
7911	0	0	0	2.973	0
7912	1	0	0	2.973	0
7915	0	0	0	9.7635	1
7918	0	0	0	14.749	0
7920	1	0	0	26.998	0
7922	2	0	0	47.86	0
7924	2	0	0	18.166	0
7928	0	0	0	1.719	0
7934	1	0	0	18.598	0
7936	2	0	0	40.411	0
7940	2	0	0	20.925	0
7943	2	0	0	13.511	0
7944	0	0	0	18.505	0
7949	2	0	0	6.2835	1
7952	1	0	0	6.664	1
7953	1	0	0	14.327	0
7955	1	0	0	33.999	0
7958	1	0	0	32.819	0
7974	1	0	1	9.914	0
7976	0	0	0	49.99	0
7979	0	0	0	49.99	0
7981	0	0	0	45.758	0
7984	0	0	0	27.499	1
7987	1	0	0	28.936	0
7992	2	0	0	7.1265	1
7998	2	0	0	0.846	0
8002	1	0	0	16.616	1
8010	1	0	0	16.104	0
8019	0	0	0	4.9145	1
8027	2	0	0	24.142	0
8029	1	0	0	46.1	0
8036	1	0	0	23.7455	1
8038	1	0	0	57.561	0
8042	2	0	0	17.947	0
8043	2	0	0	17.947	0
8045	1	0	0	50.103	0
8048	1	0	0	50.103	0
8050	0	0	0	7.0005	1
8053	0	0	0	28.997	0
8058	1	0	0	8.52	0
8064	1	0	0	22.001	0
8070	0	1	0	46.24	0
8073	1	0	0	60.882	0
8075	2	0	0	8.7475	1
8083	1	0	0	4.865	0
8087	1	0	0	17.177	0
8092	1	0	0	21.092	0
8094	0	0	0	55.14	0
8098	0	0	0	43.984	0
8101	0	0	0	49.142	0
8103	1	0	0	15.617	1
8107	1	0	0	17.722	0
8111	1	0	0	32.419	0
8114	0	0	0	2.0015	1
8122	0	0	0	38.743	0
8124	0	0	0	50.24	0
8128	0	0	0	1.415	0
8131	1	0	0	27.023	0
8133	1	0	0	9.3745	1
8138	1	0	0	4	1
8144	2	0	0	26.196	0
8146	1	0	0	14.001	0
8149	1	0	0	14.001	0
8151	0	0	1	22.582	1
8157	1	0	0	23.351	0
8161	0	0	0	11.923	1
8172	1	0	1	6.4585	1
8183	1	0	0	9.259	0
8186	1	0	0	42.097	0
8192	0	0	0	12.1205	1
8198	1	0	0	7.009	0
8210	1	1	1	10.122	1
8218	0	0	1	42.376	0
8221	1	0	0	23.042	0
8223	1	0	0	19.003	0
8225	2	0	0	13.999	0
8228	1	0	0	13.999	0
8231	0	0	0	1.068	0
8233	0	0	0	27.201	0
8244	0	0	0	0.917	1
8245	2	0	0	2.168	1
8247	1	0	0	8.583	1
8255	0	1	0	9.142	0
8260	0	0	1	53.04	0
8265	2	0	0	0.676	0
8266	1	0	0	4.085	1
8270	0	1	0	6.177	0
8275	1	0	0	6.661	0
8278	1	0	1	5.1635	1
8283	1	1	0	3.285	0
8288	2	0	0	13.2925	1
8292	2	0	0	12.586	1
8294	0	0	0	5.002	0
8295	1	0	0	12.794	0
8298	1	0	0	7.0005	1
8300	1	0	0	20.3645	1
8302	2	0	0	10.806	0
8307	2	0	0	5.043	0
8311	2	1	0	7.948	0
8314	1	1	1	10.9655	1
8321	1	1	1	11.953	0
8335	1	0	1	3.77	0
8340	1	0	1	2.001	0
8348	1	1	0	7.94	0
8350	0	1	0	20	0
8353	1	1	0	20	0
8358	2	0	0	6.207	0
8364	1	0	0	1.799	0
8372	1	0	0	2.649	1
8376	0	0	0	56.999	0
8380	0	0	0	11.502	0
8385	0	0	0	27.496	0
8390	0	0	0	11.502	0
8396	2	0	0	2.502	0
8405	1	0	0	15.0035	1
8419	2	0	0	0.567	0
8423	0	0	1	26.3765	1
8427	1	0	1	3.335	1
8433	0	1	1	0.9995	1
8444	1	1	0	15.63	0
8451	0	1	1	23.231	0
8453	1	1	1	16.3175	1
8456	0	0	1	16.3315	1
8466	2	1	0	7.02	0
8470	1	0	1	25.366	0
8474	1	1	0	6.8335	1
8480	1	1	1	11.206	0
8483	1	0	0	18.097	0
8486	0	0	0	0.753	1
8487	1	0	0	6.0835	1
8498	0	0	0	7.31	0
8512	1	0	1	17.999	0
8517	1	1	0	8.271	1
8520	0	0	1	3.1665	1
8532	0	0	1	10.664	0
8535	1	0	0	5.328	0
8547	1	0	1	22.423	1
8550	1	1	0	20.69	0
8555	1	0	1	1.41	0
8563	1	1	0	10.168	1
8569	1	1	1	3.0005	1
8576	1	1	0	3.291	0
8585	0	1	1	2.1655	1
8587	0	1	0	19.106	1
8589	0	0	1	24.663	0
8594	1	1	1	7.02	0
8598	0	1	1	2.494	0
8600	0	1	0	35.001	0
8605	1	0	1	10.916	0
8613	0	1	0	2.779	0
8629	1	1	0	2.749	0
8640	0	1	0	6.598	1
8673	0	1	0	1.503	0
8683	0	1	1	19.2775	1
8685	0	1	0	38.0915	1
8690	0	1	1	4	1
8693	1	0	1	11.2885	1
8702	1	1	1	27.441	0
8719	0	1	0	9.413	0
8726	1	1	0	8.104	0
8730	1	1	0	4.104	0
8741	1	1	1	4.104	0
8743	0	0	1	28	0
8754	0	1	0	20.041	0
8758	0	0	1	2.4555	1
8761	0	0	1	38.669	0
8773	2	0	0	22.502	0
8775	0	0	0	13.084	1
8780	1	0	0	4	1
8786	0	0	0	1.503	1
8789	1	0	0	1.369	0
8795	1	0	1	40.838	0
8798	1	0	1	33.689	0
8801	1	0	1	42.754	0
8805	0	0	1	8.167	1
8813	1	1	1	3.1295	1
8815	1	1	0	5.3335	1
8816	2	1	0	5.826	1
8822	2	1	0	3.173	0
8827	1	0	0	7.759	0
8831	0	0	0	16.219	1
8833	0	0	0	36.3775	1
8835	1	0	0	27.381	0
8837	1	0	0	13.922	0
8846	1	0	0	8.252	1
8851	1	0	0	5.153	0
8854	1	0	0	18.319	0
8856	2	0	0	7.855	1
8860	1	0	0	43.556	0
8885	2	0	0	2.1655	1
8887	1	0	0	25.958	0
8908	2	0	0	4.17	1
8924	1	1	0	8	0
8927	0	0	1	23.918	0
8930	0	1	1	9.624	0
8932	1	0	1	7.5975	1
8937	0	0	1	11.1075	1
8939	1	1	1	29.1635	1
8959	0	1	1	11.6605	1
8969	1	0	1	0.167	1
8971	1	0	0	29.999	0
8974	1	0	0	29.999	0
8978	1	0	1	15.54	0
8979	0	1	1	17.582	0
8984	0	1	0	14.905	0
8993	1	0	1	6.8335	1
8997	0	1	0	6.04	0
8998	1	0	0	6.0015	1
9007	1	0	0	9.6945	1
9012	1	0	0	20.29	0
9013	1	0	0	20.29	0
9018	1	0	0	13.155	0
9028	1	0	0	14.1655	1
9042	1	0	0	12.665	0
9049	1	0	0	12.578	1
9057	1	0	0	0.164	0
9060	1	0	1	45.164	0
9062	0	1	0	12.999	0
9065	0	0	1	4.539	0
9067	1	1	1	14.8365	1
9069	0	1	0	11.9645	1
9082	1	0	0	16.504	1
9088	1	0	0	5.503	1
9091	1	0	0	16.504	1
9096	1	0	0	5.503	1
9098	1	1	1	11.001	0
9100	0	0	0	17.2185	1
9102	0	0	0	18.023	0
9108	1	1	1	20.252	1
9112	1	1	0	17.5825	1
9118	0	0	1	6.0015	1
9126	0	1	0	50.108	0
9131	1	1	0	4.9145	1
9133	0	1	0	2.004	0
9146	0	1	0	4.225	0
9158	1	1	0	29.077	0
9161	2	0	1	39.669	0
9163	1	1	0	3.3375	1
9171	0	0	0	2.171	1
9173	0	0	0	56.668	0
9188	0	0	0	49.511	0
9192	1	0	0	15.17	0
9198	0	0	0	25.018	0
9199	0	0	0	6.897	0
9219	1	0	1	18.374	0
9232	1	1	1	3.666	1
9237	0	0	0	46.22	0
9239	0	0	0	30.081	0
9241	1	0	0	14.22	0
9243	0	1	1	17.952	1
9245	0	1	0	37.539	0
9248	0	0	1	48.252	0
9255	1	1	0	15.622	1
9263	1	0	0	7.5045	1
9266	1	0	0	2.6615	1
9269	0	0	1	26.8885	1
9271	1	0	1	20.1285	1
9273	0	0	0	20.942	0
9281	1	0	0	5.588	1
9284	2	0	0	3.0855	1
9292	0	0	1	11.904	0
9293	1	1	1	11.904	0
9299	1	0	1	5.383	0
9308	0	0	0	1.084	1
9317	0	0	0	12.2795	1
9325	0	0	0	3.02	0
9328	0	0	1	16	0
9331	1	0	1	17.169	0
9336	1	1	0	1.728	0
9339	1	0	1	6.998	1
9341	2	1	1	13.875	0
9342	1	0	1	18.71	0
9344	0	1	0	34.001	0
9346	0	0	0	6.502	1
9349	1	0	0	6.0165	1
9353	1	0	0	10.2505	1
9356	1	0	1	22.749	0
9359	1	1	0	24.999	0
9382	0	1	0	12.219	1
9385	1	1	0	17.363	0
9387	0	1	1	29.999	0
9393	1	0	0	24.044	0
9395	2	0	0	29.7275	1
9397	0	0	1	33.96	0
9409	1	1	0	15.589	0
9418	1	1	0	8.225	0
9419	1	0	1	15.918	1
9430	0	1	1	21.774	1
9436	1	0	0	11.748	0
9440	2	0	0	11.748	0
9449	0	0	0	16.901	0
9458	1	0	0	0.523	0
9464	1	0	0	10.089	0
9466	2	0	0	19.6715	1
9472	0	0	0	11.606	0
9483	1	0	0	3.748	1
9490	0	0	0	25.065	1
9493	0	0	0	43.745	0
9496	1	1	0	46.962	1
9498	0	0	0	25.4125	1
9502	2	0	0	33.695	0
9505	0	0	1	46.535	0
9512	1	1	0	6.975	1
9518	2	1	0	3.833	1
9525	1	0	1	14.283	1
9528	1	0	1	19.896	0
9529	2	0	0	7.786	0
9534	1	0	1	31.921	0
9536	1	1	1	0.4985	1
9542	0	0	1	2.0205	1
9544	0	0	1	21.213	1
9547	1	0	0	12	0
9550	1	0	0	20.129	0
9552	1	0	0	25.166	0
9554	1	1	1	2.6285	1
9558	2	0	1	21.952	0
9561	0	0	0	13.539	1
9563	0	0	0	12.235	0
9565	0	1	0	8.9555	1
9567	0	0	1	60.249	0
9577	1	1	0	7.351	0
9590	1	0	1	2.1625	1
9601	1	1	0	2.1625	1
9659	0	0	1	19.7915	1
9663	0	1	1	39.417	0
9666	0	0	1	39.417	0
9667	0	1	0	18.585	0
9669	1	0	1	33.9955	1
9670	1	0	1	3.756	1
9676	1	0	1	8.2925	1
9683	1	0	1	18.212	0
9686	1	1	0	11.751	0
9690	0	1	0	13.763	0
9692	1	1	0	12.5515	1
9698	0	0	1	14.319	0
9701	0	0	1	12.747	0
9721	0	1	1	12.931	0
9723	0	1	0	22.0805	1
9725	2	0	0	34.084	0
9727	0	0	0	11.296	1
9729	0	1	1	14.905	0
9733	1	1	1	3.261	0
9739	0	0	1	11.102	0
9741	0	1	1	35.756	0
9746	0	0	1	19.332	0
9752	0	1	0	3.808	0
9759	0	1	0	5.509	0
9766	1	0	0	13.418	1
9768	1	0	1	16.834	0
9770	0	1	0	12	0
9774	0	0	0	11.303	1
9777	1	0	0	6.297	0
9790	1	1	0	2.286	0
9792	2	0	0	9.618	1
9801	1	0	0	2.012	0
9814	0	1	1	24.961	0
9824	1	1	0	2.617	0
9826	1	0	0	40.523	0
9828	1	0	0	17.016	0
9830	0	1	1	42.921	0
9833	0	0	1	42.921	0
9842	1	1	0	2.256	0
9849	1	1	1	16.216	0
9857	1	1	0	1.911	0
9859	1	1	0	15.247	0
9868	0	1	1	28	0
9874	1	1	1	1.563	0
9876	1	0	0	12.4845	1
9885	1	0	0	2.576	0
9888	1	0	1	15.603	0
9909	1	1	0	6.527	0
9911	1	0	0	47.25	0
9918	1	0	0	11.751	0
9927	1	0	0	16.339	0
9953	1	0	0	21.999	0
9959	1	1	1	4.7475	1
9965	0	0	1	11.502	0
9966	1	0	1	14.856	0
9974	1	1	1	18.825	0
9997	1	0	1	17.065	0
10001	1	1	0	28.4985	1
10004	1	0	1	28.501	0
10007	1	0	1	36.041	0
10016	1	1	1	0.539	0
10020	0	0	1	11.841	0
10022	0	0	1	32.164	0
10026	1	1	1	5.372	0
10029	1	0	0	15.025	0
10031	1	0	0	8.512	0
10039	0	0	1	18.998	0
10045	0	0	1	4.4955	1
10050	0	1	1	17.503	1
10054	2	0	1	4.72	0
10056	0	0	1	24.9995	1
10059	1	1	0	2.245	1
10063	1	1	1	19.554	0
10067	1	1	0	11.551	0
10080	1	0	1	11.551	0
10082	0	1	1	10.552	1
10089	0	0	0	20	0
10092	0	0	1	31.792	0
10094	1	1	0	3.923	0
10105	0	0	1	5.5	1
10109	1	1	1	24.999	0
10113	0	0	0	5.5605	1
10117	0	0	0	4.337	1
10128	0	1	0	0.621	0
10130	0	1	0	20.137	0
10134	0	1	1	3.855	0
10143	0	1	1	18.4585	1
10160	0	0	1	41.843	0
10166	0	1	1	14.172	0
10168	0	0	1	13.648	1
10170	0	1	0	30.992	0
10182	1	1	0	23.786	0
10196	2	0	0	7.168	1
10197	0	0	0	1.498	0
10201	1	0	0	22.7185	1
10206	1	0	0	6.409	0
10216	1	0	0	13.821	0
10217	0	0	0	0.534	0
10222	1	0	0	19.877	0
10230	1	0	0	13.314	0
10239	1	0	0	13.821	0
10242	1	0	0	5.919	1
10245	1	0	0	42.434	0
10253	1	0	0	19.291	1
10256	0	0	0	38.919	0
10258	0	1	1	27.86	0
10261	0	0	0	27.86	0
10265	0	0	0	6.708	0
10267	0	1	0	21.169	0
10270	0	0	0	3.086	0
10271	0	0	1	8.901	0
10272	0	0	0	17.585	0
10274	0	1	1	35.828	0
10282	0	1	1	16.6055	1
10287	0	1	1	22.867	0
10294	0	0	1	14.582	0
10297	0	0	1	30.861	0
10305	1	1	1	11.759	0
10308	1	0	1	4.534	0
10316	1	1	1	21.7	0
10325	1	1	0	0.381	0
10328	1	1	0	8.435	0
10331	0	0	1	47.852	0
10334	1	1	0	2.305	0
10335	0	1	0	26.111	0
10338	0	1	1	13.629	0
10347	1	0	0	5.96	0
10349	1	0	0	1.5445	1
10357	0	0	0	19.2525	1
10361	0	0	0	4.999	1
10366	1	0	0	4.843	0
10400	1	0	0	4.843	0
10406	0	0	0	19.064	0
10411	1	0	0	6.7515	1
10432	1	0	0	26.103	0
10442	2	1	0	4.307	0
10445	1	1	0	17.577	1
10457	0	1	1	21.227	0
10459	0	0	1	19.54	1
10463	1	1	1	4.6595	1
10468	0	1	0	2.1435	1
10483	0	1	0	7.751	0
10488	1	1	0	5.604	0
10496	2	0	1	5.807	1
10499	1	0	1	5.5085	1
10503	0	1	1	6.021	0
10507	0	0	1	23.001	1
10513	1	1	1	16.668	1
10515	1	0	0	16.668	1
10521	2	1	1	2.998	1
10528	1	0	1	1.038	0
10536	0	1	0	2.971	0
10543	1	0	0	53.142	0
10546	2	0	0	11.792	0
10555	0	0	0	0.923	0
10565	0	1	1	2.938	0
10573	0	0	1	9.8	0
10589	1	0	0	4	1
10593	1	0	0	18.127	0
10605	1	0	1	20.991	0
10610	1	0	0	38.428	0
10614	1	0	0	15.871	0
10620	0	0	1	2.168	1
10627	1	1	0	21.593	0
10637	1	1	0	21.095	0
10639	0	1	1	11.028	1
10650	1	0	0	1.448	0
10656	1	0	0	10.168	1
10659	2	0	0	28.17	0
10662	0	0	1	22.47	0
10680	1	1	0	6.146	0
10687	0	1	1	2.9155	1
10691	0	0	1	2.9625	1
10699	1	0	1	6.9185	1
10704	1	1	1	15.195	0
10718	1	0	0	0.427	1
10722	1	0	0	13.051	0
10729	1	0	0	14.472	0
10738	1	0	0	17.117	0
10740	0	1	1	39.803	0
10747	0	0	1	25.166	0
10754	1	0	1	9.5	1
10762	1	1	1	5.339	1
10764	1	0	0	13.254	1
10765	0	1	1	11.748	0
10768	1	0	0	5.588	1
10773	1	0	0	0.5885	1
10786	1	0	0	0.4985	1
10797	1	1	1	22.973	0
10803	1	0	1	1.763	0
10806	1	0	1	43.097	0
10811	1	1	0	10.858	0
10813	0	1	1	2.9975	1
10816	1	1	1	8.0025	1
10827	1	1	1	22.502	0
10830	0	0	1	57.415	0
10832	1	1	1	18.9155	1
10838	1	0	0	8.534	0
10839	1	0	0	1.7275	1
10844	0	0	1	21.722	0
10862	0	1	0	4.92	0
10873	0	0	0	52.14	0
10893	1	1	0	15.217	0
10899	1	0	1	8.983	1
10911	1	1	0	8.608	0
10914	1	1	0	1.098	0
10919	0	0	0	14.067	0
10923	0	0	0	14.067	0
10926	0	0	1	50.251	0
10928	0	0	1	16.419	0
10932	1	0	0	23.034	0
10937	1	0	0	12.304	0
10939	1	0	0	17.013	0
10946	1	0	0	30.2475	1
10948	0	0	0	35.181	0
10953	1	0	0	0.832	0
10958	1	0	0	5.695	0
10960	0	1	0	17.1965	1
10962	1	1	0	19.409	0
10977	0	1	0	49.687	0
10981	0	1	1	10.001	0
10984	0	0	1	15.997	0
10988	1	0	0	10.338	1
10998	1	0	0	5.0475	1
11000	0	0	1	17.6265	1
11003	1	1	1	16.093	0
11010	1	1	1	12.602	0
11032	0	0	1	52.794	0
11064	1	1	1	16.586	1
11066	1	1	0	4.454	0
11077	0	1	1	11.546	0
11080	0	0	1	50.182	0
11084	0	0	0	35.001	0
11092	1	0	0	2.472	0
11094	0	1	1	34.459	0
11097	0	0	1	34.459	0
11102	1	1	0	11.173	0
11108	0	0	1	10.094	0
11115	1	1	0	10.094	0
11117	0	1	0	42.746	0
11127	0	1	0	3.89	0
11138	1	1	0	14.125	0
11140	0	1	1	27.499	0
11146	0	1	1	3.305	0
11149	0	0	1	48.246	0
11153	0	0	1	9.3335	1
11161	0	1	1	14.535	0
11181	2	0	0	10.992	0
11184	1	1	1	12	1
11223	1	0	1	30.88	0
11227	1	1	0	4.526	0
11234	2	0	1	11.765	0
11244	0	1	1	2.3545	1
11261	1	0	0	2.305	0
11268	1	0	0	0.945	0
11270	0	1	1	49.919	0
11275	1	1	0	4.252	1
11297	0	1	1	14.5325	1
11315	0	0	1	0.4985	1
11331	1	1	1	11.477	1
11334	1	1	0	10.352	0
11376	1	0	0	3.376	0
11381	0	0	0	13.333	0
11386	1	0	0	5.2075	1
11393	1	0	0	5.029	0
11395	0	0	0	8.0435	1
11397	0	1	1	26.311	0
11402	1	1	0	6.207	0
11407	0	1	1	4.6625	1
11412	1	1	0	26.138	0
11414	0	1	0	16.205	0
11417	0	0	1	54.251	0
11421	0	1	1	17.15	0
11428	1	1	0	5.191	1
11432	0	0	1	11.9455	1
11438	1	1	1	11.028	0
11451	1	1	0	18.823	0
11469	1	0	0	7.5115	1
11471	0	0	0	6.001	0
11478	0	1	1	24.611	1
11483	1	1	1	4.066	0
11492	1	0	1	6.604	0
11493	1	0	0	4.419	1
11495	1	1	0	7.003	0
11514	0	1	0	5.9465	1
11516	0	1	0	1.9305	1
11527	0	1	1	14.998	0
11536	0	0	1	35.455	0
11545	0	1	0	16.999	0
11550	2	0	0	19.168	0
11558	1	0	0	6.264	0
11559	0	0	0	2.1795	1
11562	0	0	0	1.5825	1
11571	1	0	1	0.835	0
11576	0	1	1	3.888	0
11579	0	0	0	22.6245	1
11581	0	0	0	23.428	1
11583	0	0	1	11.0005	1
11586	1	1	0	4.057	0
11599	0	0	0	17.906	0
11610	1	0	0	18.73	0
11620	1	0	0	15.362	0
11646	0	0	0	15.362	0
11648	0	0	1	8.789	0
11651	1	1	1	2.497	1
11659	0	0	0	49.774	0
11662	0	0	0	46.171	0
11663	0	0	0	21.363	0
11675	1	0	0	14.998	0
11678	1	0	0	14.998	0
11681	1	0	1	12.4955	1
11683	1	0	1	1.1635	1
11686	0	0	0	2.248	1
11690	0	1	0	13.4645	1
11693	0	0	0	28	0
11696	1	0	0	7.581	1
11698	1	0	0	16.9365	1
11715	0	1	0	20.515	0
11719	0	1	0	7.329	1
11735	0	1	1	13.676	0
11739	1	1	0	9.1665	1
11749	1	0	1	2.056	1
11751	0	1	0	26.612	0
11754	0	0	0	41.229	0
11758	1	0	0	20.348	0
11768	1	0	0	7.595	0
11771	1	0	0	9.169	0
11775	0	0	0	0.641	0
11777	1	0	0	14.428	0
11782	1	0	0	3.417	1
11791	1	0	0	0.698	0
11794	1	1	1	5.002	0
11814	1	0	0	1.634	0
11817	1	0	0	5.194	0
11820	1	1	1	9.821	0
11821	0	1	1	7.811	0
11823	0	0	0	14.0315	1
11826	1	0	0	24.819	0
11835	2	0	0	7.332	1
11838	1	0	0	8.1615	1
11843	0	0	0	2.982	0
11849	1	1	0	2.8935	1
11859	0	0	0	2.805	1
11870	0	0	1	20.041	0
11876	1	0	0	17.027	0
11879	0	0	0	18.727	0
11886	1	0	0	7.918	1
11897	1	0	0	19.682	0
11901	1	0	0	15.723	0
11904	0	1	0	23.227	1
11907	0	0	0	9.002	0
11909	0	0	0	18.204	0
11912	2	0	0	18.283	0
11930	1	1	0	0.627	0
11932	1	1	0	8.768	1
11937	1	1	0	9.3305	1
11941	0	0	1	24.334	0
11963	1	1	1	20.112	0
11965	1	0	0	2.001	0
11967	0	1	1	41.09	0
11973	1	1	1	1.906	0
11987	2	0	1	20.12	0
11996	0	0	0	4.167	1
12008	1	1	0	3.17	0
12025	0	1	0	4.4405	1
12028	0	0	1	19.285	0
12036	1	0	0	30.828	0
12040	0	0	0	1.117	0
12045	1	1	1	9.509	0
12050	1	1	1	14.938	0
12053	0	0	1	32.315	0
12057	1	0	1	26.308	0
12064	0	1	1	26.511	0
12067	0	0	1	28.679	0
12075	0	1	1	13.295	1
12077	0	1	1	25.166	0
12080	0	0	1	0.621	0
12086	1	1	0	10.179	0
12092	0	0	1	9.873	0
12101	1	0	0	4.1645	1
12112	0	1	1	10.894	0
12119	1	0	0	8.917	1
12120	1	0	0	8.917	1
12127	1	1	1	39.833	0
12132	2	1	1	24.129	0
12150	1	0	1	7.8465	1
12152	0	1	1	48.832	0
12163	1	1	1	26.976	0
12164	2	1	0	2.289	0
12165	1	0	1	26.976	0
12168	1	1	0	4.6625	1
12172	0	1	0	18.215	0
12174	0	0	0	22.355	0
12176	0	0	1	16.583	0
12184	0	1	1	2.801	1
12200	0	1	1	38.912	0
12206	1	0	1	11.409	0
12208	0	1	0	11.409	0
12210	0	0	0	16.3465	1
12218	1	1	0	6.253	1
12220	0	1	1	9.626	0
12224	1	0	1	5.339	1
12230	1	1	1	16.964	1
12250	1	1	1	6.916	1
12272	0	1	1	29.451	0
12277	0	1	0	3.751	1
12283	0	1	0	1.837	0
12301	1	0	1	1.342	0
12302	0	1	1	1.665	0
12306	1	1	0	1.1665	1
12312	0	1	1	17.87	0
12316	1	1	1	21.087	0
12319	0	1	0	6.7	0
12329	0	1	1	12.3285	1
12337	1	0	0	13.933	0
12341	1	0	0	19.1075	1
12348	1	0	0	15.002	1
12352	2	0	0	9.897	0
12356	0	0	1	20	0
12358	0	0	1	21.6265	1
12364	1	1	1	2.998	1
12366	0	1	0	13.517	0
12370	2	0	1	2.568	0
12381	0	0	1	3.17	1
12385	1	1	1	19.975	0
12388	0	0	0	24	0
12393	0	0	0	6.497	1
12396	2	0	0	6.0455	1
12399	1	0	0	25.667	1
12405	2	0	0	15.817	0
12406	2	0	0	15.817	0
12410	2	0	0	8.66	0
12417	2	0	0	13.933	0
12425	0	0	0	9.038	0
12429	2	0	0	5.692	1
12436	2	0	0	53.391	0
12440	1	0	0	7.165	1
12443	1	0	0	13.897	0
12454	1	1	1	16.72	0
12457	1	0	1	5.58	0
12464	0	0	1	6.157	0
12467	1	0	0	9.166	1
12474	1	0	0	6.36	0
12476	1	1	0	6.606	0
12478	1	0	0	14.7705	1
12483	1	1	1	11.017	0
12505	1	1	1	3.044	0
12507	1	0	1	5.8755	1
12509	1	1	0	1.259	0
12535	0	1	1	14.587	1
12538	1	1	0	4.063	0
12543	0	0	0	18.5585	1
12547	1	0	1	19.995	0
12560	0	0	1	4.003	0
12563	1	0	0	28.49	0
12567	0	0	0	4.72	0
12575	0	0	0	4.92	0
12577	0	0	0	1.517	1
12579	1	1	0	27.1675	1
12580	1	0	1	8.419	1
12585	1	1	0	4.003	0
12586	1	1	1	11.7945	1
12601	1	0	1	20.142	0
12616	1	0	0	17.251	1
12618	0	0	0	1.804	0
12624	0	0	0	0.498	1
12627	0	0	0	0.498	1
12633	1	0	0	9.5	0
12639	1	0	0	1.2485	1
12640	1	1	1	3.231	0
12643	1	1	0	1.7165	1
12649	1	0	0	9.002	0
12651	0	0	0	11.759	1
12658	0	1	1	14.497	0
12662	0	0	0	36.999	0
12665	1	0	0	13.506	0
12667	0	0	1	9.1085	1
12671	0	0	0	6.382	0
12674	1	0	0	10.9625	1
12676	0	0	0	54.877	0
12683	1	0	0	2.166	1
12686	0	0	1	23.17	1
12688	0	0	1	10.7105	1
12691	0	0	1	9.3305	1
12695	1	1	1	9.3305	1
12710	0	0	1	18.82	0
12723	0	0	1	18.338	0
12731	1	0	1	23.116	0
12748	0	1	0	3.118	0
12750	0	1	1	23.116	0
12761	1	0	1	4.479	0
12769	0	1	1	51.168	0
12773	2	1	1	10.689	0
12779	1	1	1	12.192	0
12784	1	1	0	12.167	0
12787	1	0	0	29.254	1
12793	0	0	1	11.335	1
12799	0	1	0	7.537	0
12802	0	0	0	16.2985	1
12804	1	0	0	22.831	0
12806	0	0	0	22.831	0
12814	0	0	0	3.912	0
12823	0	0	0	5.4975	1
12831	2	0	0	2.1655	1
12833	1	0	1	23.0195	1
12837	1	1	1	10.012	0
12838	0	0	1	7.6085	1
12840	0	1	0	56.085	0
12850	0	1	0	7.88	0
12856	1	1	0	7.335	1
12891	1	1	1	10.2125	1
12893	0	0	0	10.3765	1
12896	0	0	0	10.012	1
12900	0	0	0	1.1665	1
12906	0	0	0	15.918	0
12929	0	0	0	23.641	0
12943	0	0	0	8.2135	1
12948	1	1	1	10.965	0
12953	1	0	1	16.81	0
12965	2	1	0	9.106	0
12987	1	1	1	7.3595	1
12997	0	0	1	3.8305	1
12999	1	1	0	8.3915	1
13001	1	0	0	31.036	0
13006	0	0	0	0.775	0
13007	1	0	0	7.444	0
13010	2	0	0	4.783	0
13021	0	0	0	2.919	0
13024	1	0	0	43.943	0
13028	2	0	0	21.062	0
13033	1	0	0	17.81	0
13037	2	1	1	17.618	0
13045	0	0	0	4.934	0
13048	0	0	0	18.708	0
13052	0	0	0	12.044	0
13058	0	0	0	17.016	0
13062	1	0	0	17.016	0
13065	0	0	0	12.999	0
13068	0	0	0	20.246	1
13069	0	0	0	10.453	0
13071	0	0	0	9.002	0
13073	1	0	1	8.3995	1
13082	1	1	1	1.336	1
13102	1	0	1	17.164	0
13109	0	1	1	10.256	0
13126	1	1	1	3.63	0
13129	0	0	1	29.9985	1
13133	1	1	0	16.934	0
13141	1	1	0	8.274	0
13147	0	1	1	23.474	0
13150	1	0	1	11.866	0
13152	1	0	0	26.144	0
13156	1	0	0	2.757	0
13158	1	0	0	4.928	0
13162	1	0	0	2.757	0
13164	0	0	0	1.002	0
13167	0	0	0	1.002	0
13169	1	0	0	13.645	0
13178	1	1	0	9.591	0
13197	0	1	1	33.243	0
13200	0	0	1	33.243	0
13211	0	0	1	3.2525	1
13213	0	0	0	12.977	0
13216	0	0	0	29.944	0
13221	0	0	0	3.8415	1
13227	0	0	0	9.128	1
13229	1	0	0	9.7575	1
13230	1	0	0	15.54	0
13231	1	1	0	6.743	0
13257	1	0	1	12.731	1
13264	0	1	0	0.512	1
13281	1	0	1	25.352	0
13286	2	0	1	10.626	0
13303	0	1	1	20.723	1
13304	1	0	1	2.847	0
13310	2	1	1	5.7495	1
13312	2	0	1	8.893	0
13340	0	0	1	11.8985	1
13356	1	1	1	1.9985	1
13360	2	1	1	5.6755	1
13373	0	1	0	0.509	1
13382	0	0	1	8.493	0
13385	1	0	0	9.8795	1
13388	1	0	1	8.003	0
13391	0	0	1	9.9985	1
13393	0	0	1	12.917	1
13398	1	0	1	6.4205	1
13401	0	0	0	2.741	0
13403	0	1	1	2.664	0
13405	0	0	0	36.3915	1
13410	2	0	0	20.205	0
13412	0	0	0	39.257	1
13422	2	1	1	25.169	1
13425	1	0	1	3.4115	1
13437	1	1	0	2.601	0
13445	1	1	0	35.003	0
13455	1	0	1	15.433	0
13460	2	0	1	17.845	0
13468	1	1	0	8.383	1
13478	0	0	1	22.565	0
13480	0	0	0	14.787	1
13482	0	0	1	32.786	0
13491	0	1	0	9.656	0
13497	0	1	0	17.55	0
13498	1	1	0	2.045	0
13502	0	1	0	5.977	0
13505	0	0	1	26.497	1
13508	1	1	0	11.414	0
13521	0	1	1	31.989	0
13538	0	0	1	37.836	0
13547	1	1	1	42.508	0
13554	2	0	0	14.7325	1
13571	1	1	0	3.351	0
13580	0	1	0	6.396	0
13591	2	1	1	1.1665	1
13595	0	1	0	6.344	0
13596	1	1	0	8.334	1
13611	1	0	0	24.027	0
13614	0	0	1	14.817	0
13616	1	1	1	21.914	1
13636	1	1	1	4	1
13646	1	0	0	2.3795	1
13650	0	0	1	26.48	0
13655	0	1	0	5.169	1
13677	0	1	1	20.17	0
13683	0	1	1	47.25	0
13686	1	1	0	21.328	0
13688	0	1	1	35.24	0
13700	1	1	1	13.974	0
13702	0	1	0	21.21	0
13717	0	0	0	14.001	0
13724	1	0	1	3.5	1
13731	0	0	1	27.967	0
13733	0	1	0	13.509	0
13747	1	1	1	26.664	0
13754	0	1	0	4	0
13765	1	1	1	13.908	0
13774	0	1	1	22.4015	1
13787	1	1	1	13.446	0
13790	0	0	0	12.865	0
13793	0	0	1	26.001	0
13795	0	1	0	16.203	0
13817	0	1	0	19.055	0
13827	0	1	0	14.324	0
13849	0	1	1	20.0435	1
13864	0	1	0	2.004	0
13871	1	1	0	11.034	0
13887	1	0	0	15.6715	1
13895	1	0	1	10.103	0
13897	0	1	1	26.272	0
13900	0	0	1	26.272	0
13908	1	1	0	5.218	0
13918	0	1	1	13.446	0
13922	0	0	0	56.882	0
13934	0	0	0	16.312	1
13937	0	0	1	8.496	0
13940	1	0	1	26.22	0
13944	0	1	1	1.2075	1
13950	0	1	0	7.023	0
13953	1	1	0	7.023	0
13955	0	1	1	43.671	0
13958	1	1	0	11.433	0
13964	0	1	0	0.586	1
13975	0	1	0	21.821	0
13977	0	0	1	5.988	0
13994	0	1	0	16.156	0
14002	1	1	0	1.035	0
14006	2	0	1	1.035	0
14012	1	0	0	9.81	0
14017	1	0	0	15.901	0
14018	1	0	0	23.915	0
14026	0	0	0	5.84	1
14042	1	1	0	1.363	0
14043	0	0	0	18.579	1
14051	1	1	0	7.732	0
14061	1	1	0	7.732	0
14063	0	1	1	42.461	0
14067	1	0	1	9.933	0
14069	0	1	1	4.1615	1
14083	0	1	0	8.304	0
14087	1	1	0	4.118	0
14096	0	0	0	25.087	0
14100	0	0	0	25.7495	1
14117	0	1	0	9.999	0
14122	0	0	1	1.4865	1
14126	1	0	1	0.999	1
14134	1	1	1	15.537	0
14136	1	1	1	16.003	0
14161	0	0	1	60.353	0
14214	1	0	1	9.988	1
14234	0	1	0	5.823	0
14244	0	1	0	23.951	0
14246	0	1	0	9.005	0
14248	0	1	0	6.7295	1
14250	0	1	0	32	0
14254	1	1	1	4.359	0
14257	1	0	0	3.4965	1
14258	1	1	1	16.397	0
14260	0	1	1	21.999	0
14263	1	0	1	2.664	1
14265	0	1	0	7.001	0
14267	0	1	1	36.923	0
14270	0	0	1	36.923	0
14274	1	0	1	5.834	1
14280	1	1	1	5.944	0
14289	1	1	0	8.309	0
14291	0	1	0	6.004	1
14294	1	0	0	15.001	0
14298	0	0	0	16.438	0
14304	0	0	0	9.8755	1
14307	1	0	0	25.106	0
14308	1	0	0	8.249	1
14318	1	0	0	2.513	0
14320	0	1	1	0.8735	1
14323	1	1	0	3.97	0
14325	0	1	0	27.6345	1
14336	0	0	1	25.916	0
14346	0	1	0	42.672	0
14350	1	1	0	8.162	0
14353	0	0	0	51.748	0
14356	0	1	0	16.999	0
14358	1	0	0	16.194	0
14360	0	0	0	12.999	0
14362	0	1	1	13.999	0
14365	1	0	1	13.999	0
14368	2	1	0	6.486	1
14377	1	0	1	5.2125	1
14381	1	1	0	5.911	0
14392	1	1	1	1.002	1
14394	1	1	0	4.589	1
14397	1	1	0	6.935	0
14400	1	1	0	24	0
14403	1	0	0	37.793	0
14411	1	0	0	14.472	0
14413	0	0	0	7.6595	1
14420	1	1	0	4.249	1
14421	0	0	0	34.303	0
14430	0	1	0	7.655	0
14437	0	0	1	14.834	1
14440	0	0	0	25.187	1
14444	1	0	1	5.0155	1
14448	2	0	1	7.258	1
14455	1	0	0	2.53	0
14457	0	0	0	13.1665	1
14474	1	0	0	7.288	0
14484	1	0	0	7.288	0
14490	1	0	0	4.101	0
14493	0	0	0	32.416	0
14500	0	0	0	6.283	0
14501	0	0	0	2.245	0
14507	1	0	0	2.084	0
14516	1	1	1	4.268	1
14527	0	1	1	21.999	0
14530	1	0	1	21.999	0
14533	1	0	0	14.683	0
14546	0	0	0	34.543	0
14551	1	1	0	8.999	0
14553	0	0	0	7.091	1
14562	0	1	0	3.001	0
14564	0	1	1	7.2155	1
14570	0	0	0	4.665	1
14572	0	0	0	34.505	0
14575	0	0	1	22.998	0
14579	1	0	0	6.9595	1
14590	1	0	0	9.158	0
14592	1	0	0	2.2535	1
14594	1	1	1	4.4295	1
14613	0	1	1	27.253	0
14615	0	1	0	15.2635	1
14622	1	0	0	8.331	0
14630	0	0	0	26.877	0
14636	1	1	0	3.882	0
14639	1	0	0	40.726	0
14643	2	0	0	6.552	1
14649	1	0	0	12.854	0
14658	0	0	0	6.502	0
14665	2	1	0	8.887	0
14670	1	0	0	5.454	0
14690	1	1	1	7.086	0
14694	1	1	0	17.777	0
14699	0	1	0	17.029	0
14702	0	0	1	31.017	0
14707	0	0	1	2.62	0
14711	1	1	0	4.6955	1
14714	1	0	1	41.309	0
14718	1	0	1	24.082	0
14723	1	1	1	20.145	0
14733	0	0	0	35.228	0
14734	1	0	0	1.684	0
14738	0	0	0	12.98	0
14741	0	0	1	21.081	0
14754	0	1	0	34.268	0
14756	0	1	0	41.095	0
14767	0	1	0	14.4505	1
14782	0	0	1	48.005	0
14790	1	0	0	4.756	0
14802	0	1	0	18.3095	1
14808	0	0	1	16.9145	1
14822	0	1	0	0.835	0
14825	0	1	0	8.14	0
14827	0	1	0	11.398	0
14828	1	1	1	12.572	0
14830	1	1	1	2.554	0
14833	1	1	0	2.552	0
14835	0	1	1	8	0
14839	1	0	1	1.5825	1
14844	0	1	1	10.333	0
14851	2	1	0	6.524	0
14857	0	0	0	8.501	1
14860	1	0	0	8.92	1
14867	0	0	0	20.999	0
14870	1	0	0	11.0825	1
14871	1	0	0	23.299	0
14876	0	0	0	7.948	0
14878	1	0	0	7.948	0
14883	1	0	0	24.153	0
14884	1	0	0	24.153	0
14888	1	0	0	13.903	0
14901	0	0	0	2.4885	1
14907	0	0	1	34.664	0
14916	0	1	1	6.1305	1
14922	0	1	0	2.2775	1
14929	1	1	0	11.335	1
14938	2	1	0	3.129	0
14951	1	0	1	32.6025	1
14957	0	1	0	7.08	1
14958	1	1	0	7.8195	1
14962	2	1	1	12.687	0
14972	0	0	1	50.639	0
14985	1	0	0	30.1655	1
14988	1	0	0	32	0
14992	1	0	1	7.066	0
15005	1	1	1	24.9995	1
15007	0	1	1	5.2045	1
15011	0	0	1	0.194	1
15018	0	1	1	4.115	0
15027	1	0	0	4.468	0
15038	1	0	0	9.651	0
15041	0	0	0	31.173	0
15046	0	0	0	51.337	0
15057	0	0	1	9.024	1
15061	1	1	0	0.222	0
15079	1	0	0	3.1565	1
15086	1	0	0	14.168	1
15090	1	1	1	2.171	0
15095	0	0	1	0.687	0
15101	0	1	1	3.379	0
15107	0	1	1	5.1935	1
15113	1	1	0	2.927	0
15115	1	1	0	11.3565	1
15126	1	0	1	12.263	0
15137	1	0	0	8.945	0
15138	1	0	0	20.605	0
15140	0	1	0	26.001	0
15142	0	1	1	35.274	0
15158	1	0	1	1.1665	1
15161	0	1	0	12.999	0
15164	1	0	1	13.9195	1
15167	1	1	1	12.553	1
15169	0	1	1	37.158	0
15172	0	0	1	37.158	0
15176	1	1	1	12.726	0
15183	0	1	0	7.592	0
15185	0	1	1	1.5115	1
15186	1	0	0	7.05	0
15190	0	0	1	28	0
15193	1	0	0	6.8365	1
15196	0	0	1	12.085	1
15219	1	1	0	15.847	0
15226	0	1	0	15.847	0
15234	1	1	0	11.105	0
15243	0	1	0	6.007	0
15257	0	1	0	1.812	0
15259	0	0	0	14.998	0
15262	0	0	0	14.998	0
15266	0	1	1	54.418	0
15275	0	1	0	22.946	0
15314	2	1	0	12.816	0
15347	2	0	0	5.67	0
15355	2	0	0	2.33	0
15364	0	0	0	0.348	0
15376	1	0	1	5.331	0
15379	0	0	1	18.669	0
15403	1	0	1	7.922	0
15406	0	0	1	35.507	0
15410	1	1	0	9.555	0
15421	0	0	1	20.684	0
15427	1	1	1	13.2375	1
15442	0	0	0	9.231	1
15445	1	0	0	7.042	0
15451	0	0	0	35.187	0
15462	0	1	0	22.563	0
15464	0	1	0	27.529	0
15468	0	1	0	9.254	0
15471	2	0	0	10.749	1
15474	1	0	1	43.017	0
15477	0	0	1	32.999	0
15482	1	0	1	2.516	0
15488	0	0	0	17.999	0
15490	1	0	1	1.29	0
15492	0	1	0	10.133	1
15495	1	0	1	4	0
15498	1	0	1	33.919	0
15502	1	0	0	5.2485	1
15508	1	0	0	6.9155	1
15511	1	0	1	15.4195	1
15513	0	1	0	31.855	0
15516	1	0	1	12.504	1
15520	0	0	1	42.949	0
15523	0	0	1	1.2925	1
15529	1	0	0	10.004	0
15536	1	0	0	22.138	0
15544	0	0	0	6.442	0
15563	1	0	0	6.919	0
15572	2	0	0	14.768	0
15587	0	1	1	42.847	0
15590	1	0	1	42.847	0
15620	1	1	0	5.812	0
15629	1	1	0	11.959	0
15631	0	1	1	50.877	0
15635	1	0	1	16.005	0
15639	1	0	0	14.757	0
15645	1	1	0	3.146	0
15651	0	0	0	15.02	0
15653	1	1	0	12.654	0
15666	1	0	0	9.44	0
15672	0	0	1	24	0
15703	1	0	1	20.775	0
15704	0	1	1	3.08	1
15710	0	0	0	9.1715	1
15717	0	0	0	5.914	1
15721	0	0	0	5.711	0
15733	0	0	0	2.1655	1
15735	0	0	0	46.16	0
15738	0	0	1	29.999	0
15744	0	0	0	46.511	0
15747	0	0	0	46.511	0
15752	1	0	0	23.075	0
15758	0	1	1	4.578	1
15761	0	0	1	6.6255	1
15763	0	0	0	43.715	0
15765	0	0	0	6.998	0
15767	0	0	0	15.587	1
15771	0	0	0	3.253	0
15781	1	1	0	3.203	0
15790	1	1	0	11.978	0
15801	1	0	1	8.6215	1
15804	0	0	1	47.42	0
15813	1	1	0	7.176	0
15827	1	1	0	2.062	0
15837	0	1	0	9.48	1
15851	1	1	0	11.546	0
15860	0	0	1	54.059	0
15870	1	0	0	11.42	0
15881	0	0	0	19.283	0
15884	1	0	0	11.86	0
15889	1	0	0	7.25	1
15897	1	1	0	9.246	0
15899	0	1	1	1.506	0
15901	0	0	1	8.668	1
15911	2	0	1	6.234	0
15920	0	1	1	54.943	0
15921	0	1	0	19.748	0
15927	0	1	0	9.656	0
15929	0	0	1	10.253	1
15935	0	1	0	41.6275	1
15937	0	0	0	0.9995	1
15942	0	0	0	13.435	0
15946	1	1	0	2.475	0
15964	1	0	1	4.164	0
15967	0	0	1	3.669	0
15975	1	1	0	6.919	0
15994	1	1	0	1.897	0
16005	0	1	1	18.992	0
16013	0	1	0	19.107	0
16020	0	1	0	9.974	0
16024	1	1	0	5.733	1
16031	1	0	1	13.173	0
16053	1	1	0	11.069	0
16062	1	0	1	5.418	1
16071	2	1	1	6.7895	1
16075	0	0	0	7.001	0
16077	0	1	0	24.999	0
16079	0	1	1	46.65	0
16087	2	1	0	0.956	0
16104	1	1	0	5.7495	1
16122	1	1	0	13.383	0
16125	1	0	0	15.997	0
16127	1	0	0	34.809	0
16130	1	0	0	34.809	0
16134	0	0	0	9.93	0
16140	1	0	0	2.075	1
16141	1	0	0	9.93	0
16144	1	0	1	24.999	0
16146	1	1	1	36.586	0
16152	0	1	0	2.3055	1
16155	1	1	0	19.37	0
16160	0	1	1	49.287	0
16166	2	0	0	10.086	1
16167	2	0	0	11.159	0
16171	0	0	0	6.597	1
16173	0	1	1	30.5285	1
16176	1	0	1	31.918	1
16206	1	0	1	30.018	0
16208	0	1	0	9.9	1
16217	0	0	1	6.886	0
16218	1	1	0	6.886	0
16228	1	1	0	0.862	0
16232	1	1	1	0.999	0
16246	0	0	1	3.11	0
16258	1	0	1	16	1
16262	0	1	1	0.58	1
16269	0	0	0	27.001	0
16271	0	0	0	6.166	1
16273	0	0	1	14.2095	1
16276	0	0	1	18.667	0
16281	1	1	1	30.91	0
16287	1	1	0	3.751	1
16291	1	1	0	3.751	1
16296	0	0	1	5.67	1
16300	0	1	1	5.4185	1
16314	1	0	1	5.038	0
16318	0	0	1	5.67	1
16323	1	1	0	7.786	0
16330	0	1	0	6.995	0
16336	1	1	0	6.995	0
16341	1	1	1	8	1
16342	2	1	1	8	1
16347	0	1	1	6.1655	1
16349	1	1	0	5.002	0
16358	1	0	0	20.167	1
16364	1	0	0	25.752	0
16367	0	0	1	20	0
16369	0	1	1	18.998	0
16386	0	1	1	13.002	0
16397	0	1	0	8.427	1
16403	0	1	0	4.832	1
16406	1	1	0	4.832	1
16412	0	0	1	23.2935	1
16415	0	0	1	25.123	0
16428	0	1	1	2.1275	1
16429	0	0	1	15.0855	1
16436	1	1	1	4.942	0
16440	2	0	0	19.146	0
16445	1	0	0	5.9575	1
16448	1	0	1	33.859	0
16454	0	0	1	9.977	0
16457	0	0	1	20.3285	1
16466	0	1	1	7.299	0
16472	1	1	0	4.249	0
16474	1	1	1	49.834	0
16478	1	1	0	6.85	0
16485	1	1	1	7.299	0
16487	0	1	0	24.999	0
16489	0	1	1	39.247	0
16494	1	0	1	16.444	0
16509	1	1	0	9.405	0
16517	1	1	0	6.617	0
16533	0	1	1	18.374	0
16537	0	1	0	18.374	0
16557	1	0	1	24	0
16559	0	1	1	10.001	0
16562	0	0	1	10.001	0
16564	0	1	1	49.35	0
16569	1	1	0	6.877	0
16576	1	1	1	6.954	1
16582	1	1	0	11.847	0
16592	0	0	1	4.068	0
16594	0	1	0	19.88	0
16598	1	1	0	4.068	0
16600	0	1	1	18.905	1
16603	0	0	1	36.58	0
16608	1	0	1	2.908	0
16611	0	1	1	6.664	1
16613	0	1	1	10.998	1
16626	1	0	1	14.762	0
16631	1	1	1	10.962	0
16633	1	0	1	17.758	0
16636	0	1	0	0.816	0
16638	0	1	0	17.7465	1
16640	0	1	1	28.419	0
16643	0	0	1	26.582	0
16652	0	1	1	4.134	1
16654	1	0	1	15.959	0
16658	0	1	0	6.888	0
16667	1	1	0	3.2825	1
16669	0	1	0	41.391	0
16679	2	0	0	13.196	0
16685	2	0	0	25.886	0
16686	1	0	0	25.886	0
16689	1	0	1	9.6535	1
16691	0	1	1	59.452	0
16695	1	0	1	21.93	0
16699	0	1	1	6.59	1
16706	2	1	0	7.915	0
16709	1	0	1	32.621	0
16713	0	0	1	22.858	0
16715	0	1	0	29.478	0
16717	0	1	1	21.584	1
16720	0	0	1	28.9365	1
16724	1	0	1	3.083	1
16731	0	1	0	12.89	0
16733	2	1	0	16.95	0
16735	1	1	1	5.032	1
16737	0	1	1	40.98	0
16741	0	1	0	2.6635	1
16746	0	1	1	8.616	1
16750	1	1	1	12.671	1
16769	1	1	1	16.216	0
16780	1	1	0	4.17	1
16788	1	1	0	1.314	0
16797	0	0	1	11.4115	1
16809	1	1	0	22.93	0
16821	0	0	1	19.001	0
16830	1	1	0	9.413	1
16843	1	0	1	41.158	0
16851	2	1	1	2.094	0
16855	0	0	0	22.346	0
16865	0	1	0	0.301	0
16880	0	1	0	0.301	0
16882	1	1	1	28.342	0
16887	1	0	1	8.942	0
16892	0	0	1	36.474	0
16900	1	1	1	3.8355	1
16904	0	1	1	27.88	0
16908	0	1	0	1.418	0
16914	0	1	0	0.728	0
16916	0	1	1	28.882	0
16930	0	1	1	24.334	1
16939	0	1	0	13.079	0
16942	1	1	1	19.075	0
16944	0	1	1	49.963	0
16955	0	0	1	41.361	0
16961	2	0	1	25.572	0
16965	0	0	1	50.157	0
16971	2	0	0	24.931	0
16981	1	0	0	11.239	1
16985	0	0	0	20.912	0
16996	2	0	0	20.085	0
17001	1	0	0	6.9185	1
17003	1	0	0	13.5825	1
17009	1	0	0	6.653	1
17018	1	0	0	3.918	0
17024	1	0	1	3.5485	1
17033	0	1	0	8.485	0
17035	0	1	1	17.892	0
17041	0	1	0	22.6555	1
17045	2	1	0	1.541	0
17053	0	0	0	12.0905	1
17057	1	0	0	18.086	0
17060	1	0	0	18.086	0
17063	0	0	1	10.166	0
17069	0	1	1	10.0865	1
17071	0	1	0	17.3855	1
17073	1	1	1	14.001	0
17076	1	0	1	13.251	1
17081	0	1	1	14.04	1
17089	0	0	0	15.781	0
17090	0	0	0	2.6475	1
17092	1	0	0	22.1625	1
17112	0	0	1	24.917	0
17125	0	1	0	13.06	0
17131	1	1	0	10.932	1
17134	1	1	0	13.06	0
17136	0	1	1	51.666	0
17141	1	1	0	17.013	0
17144	1	0	1	28.37	0
17148	0	1	1	4.318	0
17157	1	0	1	6.4175	1
17162	1	1	0	1.227	0
17163	0	1	0	0.986	0
17173	0	1	0	7.097	0
17175	0	0	1	36.9885	1
17180	1	1	0	12.945	0
17190	0	1	1	1.966	1
17211	1	0	0	2.913	0
17219	0	0	1	31.567	0
17226	0	1	1	4.156	1
17229	0	1	0	16.434	1
17231	1	1	0	6.382	1
17233	0	1	0	19.003	0
17237	0	1	0	33.651	0
17242	0	0	1	27.264	0
17249	0	0	1	6.319	0
17255	1	1	0	13.415	0
17264	1	0	1	4.457	0
17271	0	1	1	0.444	0
17272	2	1	0	8.5855	1
17275	1	0	1	15.828	0
17280	1	1	1	17.144	0
17283	0	0	1	44.747	0
17290	0	1	0	4.372	0
17294	1	1	0	7.269	0
17302	1	0	1	18.73	0
